행정기관코드,기준연월,시도명,시군구명,읍면동명,전체 전월인구수,전월 남자인구수,전월 여자인구수,전체 당월인구수,당월 남자인구수,당월 여자인구수,전체 인구증감,남자 인구증감,여자 인구증감
1111051500,2025-03-31,서울특별시,종로구,청운효자동,11007,5007,6000,10986,5007,5979,-21,0,-21
1111053000,2025-03-31,서울특별시,종로구,사직동,8949,3954,4995,8937,3940,4997,-12,-14,2
1111054000,2025-03-31,서울특별시,종로구,삼청동,2200,1058,1142,2189,1049,1140,-11,-9,-2
1111055000,2025-03-31,서울특별시,종로구,부암동,9020,4233,4787,9016,4229,4787,-4,-4,0
1111056000,2025-03-31,서울특별시,종로구,평창동,17254,7992,9262,17233,7998,9235,-21,6,-27
1111057000,2025-03-31,서울특별시,종로구,무악동,7840,3591,4249,7829,3586,4243,-11,-5,-6
1111058000,2025-03-31,서울특별시,종로구,교남동,9502,4355,5147,9512,4355,5157,10,0,10
1111060000,2025-03-31,서울특별시,종로구,가회동,3774,1766,2008,3763,1755,2008,-11,-11,0
1111061500,2025-03-31,서울특별시,종로구,종로1.2.3.4가동,6646,3997,2649,6670,4019,2651,24,22,2
1111063000,2025-03-31,서울특별시,종로구,종로5.6가동,5287,2770,2517,5284,2761,2523,-3,-9,6
1111064000,2025-03-31,서울특별시,종로구,이화동,7000,3264,3736,7018,3262,3756,18,-2,20
1111065000,2025-03-31,서울특별시,종로구,혜화동,15935,7667,8268,15872,7627,8245,-63,-40,-23
1111067000,2025-03-31,서울특별시,종로구,창신제1동,4505,2359,2146,4488,2358,2130,-17,-1,-16
1111068000,2025-03-31,서울특별시,종로구,창신제2동,7295,3754,3541,7278,3746,3532,-17,-8,-9
1111069000,2025-03-31,서울특별시,종로구,창신제3동,6226,3054,3172,6205,3038,3167,-21,-16,-5
1111070000,2025-03-31,서울특별시,종로구,숭인제1동,5733,2776,2957,5738,2770,2968,5,-6,11
1111071000,2025-03-31,서울특별시,종로구,숭인제2동,10104,4934,5170,10166,4950,5216,62,16,46
1114052000,2025-03-31,서울특별시,중구,소공동,2182,1009,1173,2171,1004,1167,-11,-5,-6
1114054000,2025-03-31,서울특별시,중구,회현동,4286,2231,2055,4303,2238,2065,17,7,10
1114055000,2025-03-31,서울특별시,중구,명동,2495,1021,1474,2515,1027,1488,20,6,14
1114057000,2025-03-31,서울특별시,중구,필동,4345,2228,2117,4354,2240,2114,9,12,-3
1114058000,2025-03-31,서울특별시,중구,장충동,4571,2379,2192,4575,2388,2187,4,9,-5
1114059000,2025-03-31,서울특별시,중구,광희동,5754,2833,2921,5731,2808,2923,-23,-25,2
1114060500,2025-03-31,서울특별시,중구,을지로동,3084,1661,1423,3073,1657,1416,-11,-4,-7
1114061500,2025-03-31,서울특별시,중구,신당동,7351,3573,3778,7346,3567,3779,-5,-6,1
1114062500,2025-03-31,서울특별시,중구,다산동,13042,6307,6735,13029,6306,6723,-13,-1,-12
1114063500,2025-03-31,서울특별시,중구,약수동,15883,7300,8583,15841,7302,8539,-42,2,-44
1114064500,2025-03-31,서울특별시,중구,청구동,12086,5660,6426,11871,5555,6316,-215,-105,-110
1114065000,2025-03-31,서울특별시,중구,신당제5동,10058,4884,5174,10067,4877,5190,9,-7,16
1114066500,2025-03-31,서울특별시,중구,동화동,9836,4720,5116,9829,4716,5113,-7,-4,-3
1114067000,2025-03-31,서울특별시,중구,황학동,13115,6166,6949,13106,6167,6939,-9,1,-10
1114068000,2025-03-31,서울특별시,중구,중림동,12031,5861,6170,12039,5882,6157,8,21,-13
1117051000,2025-03-31,서울특별시,용산구,후암동,15734,7549,8185,15757,7545,8212,23,-4,27
1117052000,2025-03-31,서울특별시,용산구,용산2가동,8635,4244,4391,8628,4234,4394,-7,-10,3
1117053000,2025-03-31,서울특별시,용산구,남영동,6728,4106,2622,6718,4102,2616,-10,-4,-6
1117055500,2025-03-31,서울특별시,용산구,청파동,18552,8578,9974,18565,8572,9993,13,-6,19
1117056000,2025-03-31,서울특별시,용산구,원효로제1동,17053,7869,9184,17085,7872,9213,32,3,29
1117057000,2025-03-31,서울특별시,용산구,원효로제2동,13524,6347,7177,13511,6329,7182,-13,-18,5
1117058000,2025-03-31,서울특별시,용산구,효창동,10533,4939,5594,10511,4928,5583,-22,-11,-11
1117059000,2025-03-31,서울특별시,용산구,용문동,11149,5264,5885,11141,5256,5885,-8,-8,0
1117062500,2025-03-31,서울특별시,용산구,한강로동,20844,9855,10989,20821,9842,10979,-23,-13,-10
1117063000,2025-03-31,서울특별시,용산구,이촌제1동,24970,11692,13278,24954,11696,13258,-16,4,-20
1117064000,2025-03-31,서울특별시,용산구,이촌제2동,7730,3615,4115,7718,3621,4097,-12,6,-18
1117065000,2025-03-31,서울특별시,용산구,이태원제1동,5989,2981,3008,6007,2993,3014,18,12,6
1117066000,2025-03-31,서울특별시,용산구,이태원제2동,8510,4047,4463,8499,4036,4463,-11,-11,0
1117068500,2025-03-31,서울특별시,용산구,한남동,14033,6614,7419,13999,6587,7412,-34,-27,-7
1117069000,2025-03-31,서울특별시,용산구,서빙고동,12389,5971,6418,12369,5957,6412,-20,-14,-6
1117070000,2025-03-31,서울특별시,용산구,보광동,7177,3593,3584,7122,3567,3555,-55,-26,-29
1120052000,2025-03-31,서울특별시,성동구,왕십리제2동,15897,7617,8280,15894,7602,8292,-3,-15,12
1120053500,2025-03-31,서울특별시,성동구,왕십리도선동,26001,12208,13793,25975,12202,13773,-26,-6,-20
1120054000,2025-03-31,서울특별시,성동구,마장동,21367,10492,10875,21343,10483,10860,-24,-9,-15
1120055000,2025-03-31,서울특별시,성동구,사근동,11901,6164,5737,12039,6222,5817,138,58,80
1120056000,2025-03-31,서울특별시,성동구,행당제1동,13685,6501,7184,13704,6508,7196,19,7,12
1120057000,2025-03-31,서울특별시,성동구,행당제2동,22551,10499,12052,22535,10497,12038,-16,-2,-14
1120058000,2025-03-31,서울특별시,성동구,응봉동,14662,6940,7722,14634,6925,7709,-28,-15,-13
1120059000,2025-03-31,서울특별시,성동구,금호1가동,14537,6881,7656,14507,6866,7641,-30,-15,-15
1120061500,2025-03-31,서울특별시,성동구,금호2.3가동,20900,9939,10961,20824,9891,10933,-76,-48,-28
1120062000,2025-03-31,서울특별시,성동구,금호4가동,14009,6595,7414,14008,6594,7414,-1,-1,0
1120064500,2025-03-31,서울특별시,성동구,옥수동,25274,11711,13563,25189,11665,13524,-85,-46,-39
1120065000,2025-03-31,서울특별시,성동구,성수1가제1동,15130,7484,7646,15082,7464,7618,-48,-20,-28
1120066000,2025-03-31,서울특별시,성동구,성수1가제2동,12495,6044,6451,12702,6141,6561,207,97,110
1120067000,2025-03-31,서울특별시,성동구,성수2가제1동,14064,7290,6774,14020,7263,6757,-44,-27,-17
1120069000,2025-03-31,서울특별시,성동구,성수2가제3동,9612,4765,4847,9585,4745,4840,-27,-20,-7
1120072000,2025-03-31,서울특별시,성동구,송정동,9420,4943,4477,9400,4938,4462,-20,-5,-15
1120079000,2025-03-31,서울특별시,성동구,용답동,12072,6217,5855,12082,6217,5865,10,0,10
1121571000,2025-03-31,서울특별시,광진구,화양동,22932,10825,12107,23050,10845,12205,118,20,98
1121573000,2025-03-31,서울특별시,광진구,군자동,18633,9175,9458,18648,9178,9470,15,3,12
1121574000,2025-03-31,서울특별시,광진구,중곡제1동,15064,7150,7914,15022,7121,7901,-42,-29,-13
1121575000,2025-03-31,서울특별시,광진구,중곡제2동,20095,9457,10638,20086,9460,10626,-9,3,-12
1121576000,2025-03-31,서울특별시,광진구,중곡제3동,15383,7575,7808,15357,7560,7797,-26,-15,-11
1121577000,2025-03-31,서울특별시,광진구,중곡제4동,27186,13214,13972,27127,13175,13952,-59,-39,-20
1121578000,2025-03-31,서울특별시,광진구,능동,10888,4996,5892,10870,4984,5886,-18,-12,-6
1121581000,2025-03-31,서울특별시,광진구,광장동,33701,16254,17447,33632,16234,17398,-69,-20,-49
1121582000,2025-03-31,서울특별시,광진구,자양제1동,21752,10536,11216,21747,10527,11220,-5,-9,4
1121583000,2025-03-31,서울특별시,광진구,자양제2동,23442,11307,12135,24045,11592,12453,603,285,318
1121584000,2025-03-31,서울특별시,광진구,자양제3동,26964,12913,14051,26927,12897,14030,-37,-16,-21
1121584700,2025-03-31,서울특별시,광진구,자양제4동,19606,9622,9984,19670,9632,10038,64,10,54
1121585000,2025-03-31,서울특별시,광진구,구의제1동,22984,10906,12078,22984,10891,12093,0,-15,15
1121586000,2025-03-31,서울특별시,광진구,구의제2동,25155,11931,13224,25159,11952,13207,4,21,-17
1121587000,2025-03-31,서울특별시,광진구,구의제3동,27628,13027,14601,27610,13008,14602,-18,-19,1
1123053600,2025-03-31,서울특별시,동대문구,용신동,38704,19072,19632,38807,19148,19659,103,76,27
1123054500,2025-03-31,서울특별시,동대문구,제기동,22846,11709,11137,22886,11752,11134,40,43,-3
1123056000,2025-03-31,서울특별시,동대문구,전농제1동,32761,16257,16504,32742,16260,16482,-19,3,-22
1123057000,2025-03-31,서울특별시,동대문구,전농제2동,17604,8366,9238,17600,8368,9232,-4,2,-6
1123060000,2025-03-31,서울특별시,동대문구,답십리제1동,27749,13258,14491,27731,13239,14492,-18,-19,1
1123061000,2025-03-31,서울특별시,동대문구,답십리제2동,26956,12899,14057,26942,12884,14058,-14,-15,1
1123065000,2025-03-31,서울특별시,동대문구,장안제1동,36947,18162,18785,37026,18180,18846,79,18,61
1123066000,2025-03-31,서울특별시,동대문구,장안제2동,32963,16249,16714,32958,16240,16718,-5,-9,4
1123070500,2025-03-31,서울특별시,동대문구,청량리동,18440,9075,9365,18403,9051,9352,-37,-24,-13
1123071000,2025-03-31,서울특별시,동대문구,회기동,10250,4811,5439,10256,4816,5440,6,5,1
1123072000,2025-03-31,서울특별시,동대문구,휘경제1동,13246,6132,7114,13233,6148,7085,-13,16,-29
1123073000,2025-03-31,서울특별시,동대문구,휘경제2동,24087,12050,12037,24166,12084,12082,79,34,45
1123074000,2025-03-31,서울특별시,동대문구,이문제1동,19457,9519,9938,20881,10188,10693,1424,669,755
1123075000,2025-03-31,서울특별시,동대문구,이문제2동,18699,8960,9739,18592,8922,9670,-107,-38,-69
1126052000,2025-03-31,서울특별시,중랑구,면목제2동,23155,11465,11690,23134,11437,11697,-21,-28,7
1126054000,2025-03-31,서울특별시,중랑구,면목제4동,17800,8849,8951,17775,8832,8943,-25,-17,-8
1126055000,2025-03-31,서울특별시,중랑구,면목제5동,14143,7014,7129,14133,7005,7128,-10,-9,-1
1126056500,2025-03-31,서울특별시,중랑구,면목본동,32254,15847,16407,32173,15804,16369,-81,-43,-38
1126057000,2025-03-31,서울특별시,중랑구,면목제7동,20902,10373,10529,20897,10374,10523,-5,1,-6
1126057500,2025-03-31,서울특별시,중랑구,면목제3.8동,23739,11705,12034,23752,11712,12040,13,7,6
1126058000,2025-03-31,서울특별시,중랑구,상봉제1동,22743,11056,11687,22732,11051,11681,-11,-5,-6
1126059000,2025-03-31,서울특별시,중랑구,상봉제2동,20881,9793,11088,20898,9828,11070,17,35,-18
1126060000,2025-03-31,서울특별시,중랑구,중화제1동,18219,9009,9210,18192,9001,9191,-27,-8,-19
1126061000,2025-03-31,서울특별시,중랑구,중화제2동,23504,12004,11500,23513,11998,11515,9,-6,15
1126062000,2025-03-31,서울특별시,중랑구,묵제1동,33343,15854,17489,33343,15856,17487,0,2,-2
1126063000,2025-03-31,서울특별시,중랑구,묵제2동,17879,8796,9083,17836,8764,9072,-43,-32,-11
1126065500,2025-03-31,서울특별시,중랑구,망우본동,38157,18773,19384,38168,18776,19392,11,3,8
1126066000,2025-03-31,서울특별시,중랑구,망우제3동,15349,7695,7654,15338,7689,7649,-11,-6,-5
1126068000,2025-03-31,서울특별시,중랑구,신내1동,37033,17785,19248,36940,17739,19201,-93,-46,-47
1126069000,2025-03-31,서울특별시,중랑구,신내2동,19264,9079,10185,19243,9068,10175,-21,-11,-10
1129052500,2025-03-31,서울특별시,성북구,성북동,15776,7348,8428,15743,7335,8408,-33,-13,-20
1129055500,2025-03-31,서울특별시,성북구,삼선동,21872,10358,11514,21913,10381,11532,41,23,18
1129057500,2025-03-31,서울특별시,성북구,동선동,14907,6062,8845,14903,6030,8873,-4,-32,28
1129058000,2025-03-31,서울특별시,성북구,돈암제1동,13970,6521,7449,13971,6519,7452,1,-2,3
1129059000,2025-03-31,서울특별시,성북구,돈암제2동,23149,10951,12198,23098,10932,12166,-51,-19,-32
1129060000,2025-03-31,서울특별시,성북구,안암동,15383,7723,7660,15509,7779,7730,126,56,70
1129061000,2025-03-31,서울특별시,성북구,보문동,16028,7714,8314,16003,7705,8298,-25,-9,-16
1129062000,2025-03-31,서울특별시,성북구,정릉제1동,17537,8385,9152,17511,8385,9126,-26,0,-26
1129063000,2025-03-31,서울특별시,성북구,정릉제2동,22085,10573,11512,22062,10581,11481,-23,8,-31
1129064000,2025-03-31,서울특별시,성북구,정릉제3동,14112,6958,7154,14062,6932,7130,-50,-26,-24
1129065000,2025-03-31,서울특별시,성북구,정릉제4동,23829,11363,12466,23782,11340,12442,-47,-23,-24
1129066000,2025-03-31,서울특별시,성북구,길음제1동,35557,16806,18751,35473,16772,18701,-84,-34,-50
1129068500,2025-03-31,서울특별시,성북구,길음제2동,21339,10215,11124,21400,10213,11187,61,-2,63
1129070500,2025-03-31,서울특별시,성북구,종암동,36920,18182,18738,36890,18151,18739,-30,-31,1
1129071500,2025-03-31,서울특별시,성북구,월곡제1동,25121,12086,13035,25112,12076,13036,-9,-10,1
1129072500,2025-03-31,서울특별시,성북구,월곡제2동,18557,8828,9729,18547,8808,9739,-10,-20,10
1129076000,2025-03-31,서울특별시,성북구,장위제1동,22958,11156,11802,22993,11184,11809,35,28,7
1129077000,2025-03-31,서울특별시,성북구,장위제2동,12827,6281,6546,12829,6277,6552,2,-4,6
1129078000,2025-03-31,서울특별시,성북구,장위제3동,15334,7502,7832,15341,7499,7842,7,-3,10
1129081000,2025-03-31,서울특별시,성북구,석관동,33310,16396,16914,33238,16355,16883,-72,-41,-31
1130553400,2025-03-31,서울특별시,강북구,삼양동,24245,12003,12242,24322,12046,12276,77,43,34
1130553500,2025-03-31,서울특별시,강북구,미아동,20554,9829,10725,20539,9824,10715,-15,-5,-10
1130554500,2025-03-31,서울특별시,강북구,송중동,27861,13289,14572,27833,13271,14562,-28,-18,-10
1130555500,2025-03-31,서울특별시,강북구,송천동,22987,11372,11615,22771,11259,11512,-216,-113,-103
1130557500,2025-03-31,서울특별시,강북구,삼각산동,30249,14531,15718,30221,14529,15692,-28,-2,-26
1130559500,2025-03-31,서울특별시,강북구,번1동,16299,8024,8275,16296,8009,8287,-3,-15,12
1130560300,2025-03-31,서울특별시,강북구,번2동,14562,6943,7619,14549,6931,7618,-13,-12,-1
1130560800,2025-03-31,서울특별시,강북구,번3동,15928,7380,8548,15881,7362,8519,-47,-18,-29
1130561500,2025-03-31,서울특별시,강북구,수유1동,19567,9555,10012,19522,9513,10009,-45,-42,-3
1130562500,2025-03-31,서울특별시,강북구,수유2동,20147,9560,10587,20160,9568,10592,13,8,5
1130563500,2025-03-31,서울특별시,강북구,수유3동,22765,11130,11635,22735,11105,11630,-30,-25,-5
1130564500,2025-03-31,서울특별시,강북구,우이동,19501,9277,10224,19486,9257,10229,-15,-20,5
1130566000,2025-03-31,서울특별시,강북구,인수동,28523,13673,14850,28484,13661,14823,-39,-12,-27
1132051100,2025-03-31,서울특별시,도봉구,창제1동,23675,11240,12435,23690,11239,12451,15,-1,16
1132051200,2025-03-31,서울특별시,도봉구,창제2동,27608,13353,14255,27613,13362,14251,5,9,-4
1132051300,2025-03-31,서울특별시,도봉구,창제3동,12887,6407,6480,12876,6396,6480,-11,-11,0
1132051400,2025-03-31,서울특별시,도봉구,창제4동,26250,12509,13741,26248,12486,13762,-2,-23,21
1132051500,2025-03-31,서울특별시,도봉구,창제5동,23581,11192,12389,23586,11176,12410,5,-16,21
1132052100,2025-03-31,서울특별시,도봉구,도봉제1동,19597,9790,9807,19615,9790,9825,18,0,18
1132052200,2025-03-31,서울특별시,도봉구,도봉제2동,25902,12642,13260,25833,12602,13231,-69,-40,-29
1132066000,2025-03-31,서울특별시,도봉구,쌍문제1동,20656,9808,10848,20668,9786,10882,12,-22,34
1132067000,2025-03-31,서울특별시,도봉구,쌍문제2동,17620,8406,9214,17589,8401,9188,-31,-5,-26
1132068000,2025-03-31,서울특별시,도봉구,쌍문제3동,16102,7654,8448,16133,7656,8477,31,2,29
1132068100,2025-03-31,서울특별시,도봉구,쌍문제4동,17808,8374,9434,17804,8368,9436,-4,-6,2
1132069000,2025-03-31,서울특별시,도봉구,방학제1동,27261,13448,13813,27242,13437,13805,-19,-11,-8
1132070000,2025-03-31,서울특별시,도봉구,방학제2동,18007,9005,9002,17960,8978,8982,-47,-27,-20
1132071000,2025-03-31,서울특별시,도봉구,방학제3동,25754,12464,13290,25688,12425,13263,-66,-39,-27
1135056000,2025-03-31,서울특별시,노원구,월계1동,20356,10478,9878,20342,10477,9865,-14,-1,-13
1135057000,2025-03-31,서울특별시,노원구,월계2동,25101,12010,13091,25091,11994,13097,-10,-16,6
1135058000,2025-03-31,서울특별시,노원구,월계3동,28157,13423,14734,28121,13415,14706,-36,-8,-28
1135059500,2025-03-31,서울특별시,노원구,공릉1동,35556,17163,18393,35590,17165,18425,34,2,32
1135060000,2025-03-31,서울특별시,노원구,공릉2동,41247,20020,21227,41159,19962,21197,-88,-58,-30
1135061100,2025-03-31,서울특별시,노원구,하계1동,25299,12026,13273,26085,12499,13586,786,473,313
1135061200,2025-03-31,서울특별시,노원구,하계2동,20828,9879,10949,20794,9871,10923,-34,-8,-26
1135061900,2025-03-31,서울특별시,노원구,중계본동,22505,10900,11605,22369,10801,11568,-136,-99,-37
1135062100,2025-03-31,서울특별시,노원구,중계1동,26198,12764,13434,26106,12723,13383,-92,-41,-51
1135062400,2025-03-31,서울특별시,노원구,중계4동,18853,9035,9818,18822,9029,9793,-31,-6,-25
1135062500,2025-03-31,서울특별시,노원구,중계2.3동,31598,14309,17289,31552,14293,17259,-46,-16,-30
1135063000,2025-03-31,서울특별시,노원구,상계1동,36311,17439,18872,36292,17436,18856,-19,-3,-16
1135064000,2025-03-31,서울특별시,노원구,상계2동,18811,9270,9541,18789,9255,9534,-22,-15,-7
1135066500,2025-03-31,서울특별시,노원구,상계3.4동,27037,13432,13605,27043,13456,13587,6,24,-18
1135067000,2025-03-31,서울특별시,노원구,상계5동,22471,10920,11551,22423,10880,11543,-48,-40,-8
1135069500,2025-03-31,서울특별시,노원구,상계6.7동,30872,14200,16672,30837,14176,16661,-35,-24,-11
1135070000,2025-03-31,서울특별시,노원구,상계8동,21462,10160,11302,21394,10116,11278,-68,-44,-24
1135071000,2025-03-31,서울특별시,노원구,상계9동,19171,8933,10238,19181,8948,10233,10,15,-5
1135072000,2025-03-31,서울특별시,노원구,상계10동,17850,8203,9647,17841,8209,9632,-9,6,-15
1138051000,2025-03-31,서울특별시,은평구,녹번동,35396,16491,18905,35402,16497,18905,6,6,0
1138052000,2025-03-31,서울특별시,은평구,불광제1동,37424,17495,19929,37396,17476,19920,-28,-19,-9
1138053000,2025-03-31,서울특별시,은평구,불광제2동,26488,12747,13741,26468,12721,13747,-20,-26,6
1138055100,2025-03-31,서울특별시,은평구,갈현제1동,14192,6846,7346,14181,6832,7349,-11,-14,3
1138055200,2025-03-31,서울특별시,은평구,갈현제2동,27182,12781,14401,27147,12761,14386,-35,-20,-15
1138056000,2025-03-31,서울특별시,은평구,구산동,30920,14980,15940,30874,14952,15922,-46,-28,-18
1138057000,2025-03-31,서울특별시,은평구,대조동,27164,12492,14672,27116,12472,14644,-48,-20,-28
1138058000,2025-03-31,서울특별시,은평구,응암제1동,32158,14934,17224,32119,14896,17223,-39,-38,-1
1138059000,2025-03-31,서울특별시,은평구,응암제2동,27060,13050,14010,27066,13059,14007,6,9,-3
1138060000,2025-03-31,서울특별시,은평구,응암제3동,23121,11148,11973,23100,11146,11954,-21,-2,-19
1138062500,2025-03-31,서울특별시,은평구,역촌동,44554,20891,23663,44681,20963,23718,127,72,55
1138063100,2025-03-31,서울특별시,은평구,신사제1동,25965,12392,13573,25996,12415,13581,31,23,8
1138063200,2025-03-31,서울특별시,은평구,신사제2동,18643,9180,9463,18610,9155,9455,-33,-25,-8
1138064000,2025-03-31,서울특별시,은평구,증산동,15730,7591,8139,15606,7526,8080,-124,-65,-59
1138065000,2025-03-31,서울특별시,은평구,수색동,21070,10157,10913,21078,10160,10918,8,3,5
1138069000,2025-03-31,서울특별시,은평구,진관동,53287,24662,28625,53215,24622,28593,-72,-40,-32
1141052000,2025-03-31,서울특별시,서대문구,천연동,16463,7772,8691,16447,7760,8687,-16,-12,-4
1141055500,2025-03-31,서울특별시,서대문구,북아현동,15288,7390,7898,15275,7387,7888,-13,-3,-10
1141056500,2025-03-31,서울특별시,서대문구,충현동,19357,9258,10099,19354,9255,10099,-3,-3,0
1141058500,2025-03-31,서울특별시,서대문구,신촌동,20336,8659,11677,20426,8669,11757,90,10,80
1141061500,2025-03-31,서울특별시,서대문구,연희동,33602,15984,17618,33574,15957,17617,-28,-27,-1
1141062000,2025-03-31,서울특별시,서대문구,홍제제1동,24527,11464,13063,24503,11436,13067,-24,-28,4
1141064000,2025-03-31,서울특별시,서대문구,홍제제3동,17450,8301,9149,17431,8281,9150,-19,-20,1
1141065500,2025-03-31,서울특별시,서대문구,홍제제2동,12226,5720,6506,12156,5686,6470,-70,-34,-36
1141066000,2025-03-31,서울특별시,서대문구,홍은제1동,21925,10552,11373,21958,10561,11397,33,9,24
1141068500,2025-03-31,서울특별시,서대문구,홍은제2동,28053,13396,14657,27982,13364,14618,-71,-32,-39
1141069000,2025-03-31,서울특별시,서대문구,남가좌제1동,16650,7956,8694,16678,7972,8706,28,16,12
1141070000,2025-03-31,서울특별시,서대문구,남가좌제2동,28769,13820,14949,28759,13814,14945,-10,-6,-4
1141071000,2025-03-31,서울특별시,서대문구,북가좌제1동,17362,8303,9059,17340,8295,9045,-22,-8,-14
1141072000,2025-03-31,서울특별시,서대문구,북가좌제2동,30089,14509,15580,30060,14489,15571,-29,-20,-9
1144055500,2025-03-31,서울특별시,마포구,아현동,29024,13461,15563,28997,13447,15550,-27,-14,-13
1144056500,2025-03-31,서울특별시,마포구,공덕동,36064,16772,19292,36009,16731,19278,-55,-41,-14
1144058500,2025-03-31,서울특별시,마포구,도화동,20406,9637,10769,20400,9657,10743,-6,20,-26
1144059000,2025-03-31,서울특별시,마포구,용강동,21218,9917,11301,21190,9897,11293,-28,-20,-8
1144060000,2025-03-31,서울특별시,마포구,대흥동,14261,6871,7390,14244,6837,7407,-17,-34,17
1144061000,2025-03-31,서울특별시,마포구,염리동,16818,7999,8819,16803,7995,8808,-15,-4,-11
1144063000,2025-03-31,서울특별시,마포구,신수동,22147,10761,11386,22117,10742,11375,-30,-19,-11
1144065500,2025-03-31,서울특별시,마포구,서강동,24439,11691,12748,24461,11691,12770,22,0,22
1144066000,2025-03-31,서울특별시,마포구,서교동,23745,10851,12894,23783,10881,12902,38,30,8
1144068000,2025-03-31,서울특별시,마포구,합정동,15975,7343,8632,15992,7345,8647,17,2,15
1144069000,2025-03-31,서울특별시,마포구,망원제1동,18683,8625,10058,18653,8621,10032,-30,-4,-26
1144070000,2025-03-31,서울특별시,마포구,망원제2동,17489,8116,9373,17473,8089,9384,-16,-27,11
1144071000,2025-03-31,서울특별시,마포구,연남동,14091,6556,7535,14067,6547,7520,-24,-9,-15
1144072000,2025-03-31,서울특별시,마포구,성산제1동,18554,8532,10022,18539,8511,10028,-15,-21,6
1144073000,2025-03-31,서울특별시,마포구,성산제2동,38486,17034,21452,38449,17015,21434,-37,-19,-18
1144074000,2025-03-31,서울특별시,마포구,상암동,29364,13719,15645,29343,13712,15631,-21,-7,-14
1147051000,2025-03-31,서울특별시,양천구,목1동,30080,14377,15703,30009,14341,15668,-71,-36,-35
1147052000,2025-03-31,서울특별시,양천구,목2동,28284,13649,14635,28228,13611,14617,-56,-38,-18
1147053000,2025-03-31,서울특별시,양천구,목3동,20907,9911,10996,20874,9881,10993,-33,-30,-3
1147054000,2025-03-31,서울특별시,양천구,목4동,24124,11745,12379,24082,11721,12361,-42,-24,-18
1147055000,2025-03-31,서울특별시,양천구,목5동,40676,20159,20517,40668,20146,20522,-8,-13,5
1147056000,2025-03-31,서울특별시,양천구,신월1동,18836,9683,9153,18821,9665,9156,-15,-18,3
1147057000,2025-03-31,서울특별시,양천구,신월2동,20488,9983,10505,20498,9987,10511,10,4,6
1147058000,2025-03-31,서울특별시,양천구,신월3동,13981,7364,6617,13962,7340,6622,-19,-24,5
1147059000,2025-03-31,서울특별시,양천구,신월4동,17020,8254,8766,17018,8264,8754,-2,10,-12
1147060000,2025-03-31,서울특별시,양천구,신월5동,13844,6850,6994,13808,6821,6987,-36,-29,-7
1147061000,2025-03-31,서울특별시,양천구,신월6동,13717,6687,7030,13717,6684,7033,0,-3,3
1147061100,2025-03-31,서울특별시,양천구,신월7동,18187,8825,9362,18173,8828,9345,-14,3,-17
1147062000,2025-03-31,서울특별시,양천구,신정1동,19599,9503,10096,19568,9479,10089,-31,-24,-7
1147063000,2025-03-31,서울특별시,양천구,신정2동,18592,9109,9483,18559,9085,9474,-33,-24,-9
1147064000,2025-03-31,서울특별시,양천구,신정3동,48365,23340,25025,48206,23247,24959,-159,-93,-66
1147065000,2025-03-31,서울특별시,양천구,신정4동,31341,15176,16165,31364,15163,16201,23,-13,36
1147067000,2025-03-31,서울특별시,양천구,신정6동,24032,11654,12378,23941,11611,12330,-91,-43,-48
1147068000,2025-03-31,서울특별시,양천구,신정7동,27974,13388,14586,27972,13376,14596,-2,-12,10
1150051000,2025-03-31,서울특별시,강서구,염창동,41117,19716,21401,41105,19686,21419,-12,-30,18
1150052000,2025-03-31,서울특별시,강서구,등촌제1동,24962,11541,13421,24987,11545,13442,25,4,21
1150053000,2025-03-31,서울특별시,강서구,등촌제2동,19140,9337,9803,19137,9313,9824,-3,-24,21
1150053500,2025-03-31,서울특별시,강서구,등촌제3동,28895,13543,15352,28925,13585,15340,30,42,-12
1150054000,2025-03-31,서울특별시,강서구,화곡제1동,49822,24097,25725,49813,24089,25724,-9,-8,-1
1150055000,2025-03-31,서울특별시,강서구,화곡제2동,16789,8071,8718,16754,8049,8705,-35,-22,-13
1150056000,2025-03-31,서울특별시,강서구,화곡제3동,20776,9892,10884,20785,9899,10886,9,7,2
1150057000,2025-03-31,서울특별시,강서구,화곡제4동,19156,9348,9808,19141,9332,9809,-15,-16,1
1150059000,2025-03-31,서울특별시,강서구,화곡본동,32125,15574,16551,32062,15535,16527,-63,-39,-24
1150059100,2025-03-31,서울특별시,강서구,화곡제6동,25623,12210,13413,25614,12212,13402,-9,2,-11
1150059300,2025-03-31,서울특별시,강서구,화곡제8동,22704,10946,11758,22704,10955,11749,0,9,-9
1150060300,2025-03-31,서울특별시,강서구,가양제1동,33670,15072,18598,33673,15039,18634,3,-33,36
1150060400,2025-03-31,서울특별시,강서구,가양제2동,13110,6172,6938,13111,6179,6932,1,7,-6
1150060500,2025-03-31,서울특별시,강서구,가양제3동,13611,6280,7331,13581,6260,7321,-30,-20,-10
1150061100,2025-03-31,서울특별시,강서구,발산제1동,35057,16515,18542,35008,16495,18513,-49,-20,-29
1150061500,2025-03-31,서울특별시,강서구,우장산동,43267,20633,22634,43255,20602,22653,-12,-31,19
1150062000,2025-03-31,서울특별시,강서구,공항동,29249,14764,14485,29192,14734,14458,-57,-30,-27
1150063000,2025-03-31,서울특별시,강서구,방화제1동,40994,19987,21007,40676,19814,20862,-318,-173,-145
1150064000,2025-03-31,서울특별시,강서구,방화제2동,22869,11289,11580,22848,11273,11575,-21,-16,-5
1150064100,2025-03-31,서울특별시,강서구,방화제3동,21599,10372,11227,21616,10371,11245,17,-1,18
1153051000,2025-03-31,서울특별시,구로구,신도림동,35908,17274,18634,35933,17284,18649,25,10,15
1153052000,2025-03-31,서울특별시,구로구,구로제1동,20311,9878,10433,20298,9865,10433,-13,-13,0
1153053000,2025-03-31,서울특별시,구로구,구로제2동,22034,11029,11005,21993,11001,10992,-41,-28,-13
1153054000,2025-03-31,서울특별시,구로구,구로제3동,22876,11821,11055,22910,11834,11076,34,13,21
1153055000,2025-03-31,서울특별시,구로구,구로제4동,18083,8658,9425,18025,8628,9397,-58,-30,-28
1153056000,2025-03-31,서울특별시,구로구,구로제5동,28912,14077,14835,28892,14071,14821,-20,-6,-14
1153059500,2025-03-31,서울특별시,구로구,가리봉동,8716,4795,3921,8711,4794,3917,-5,-1,-4
1153072000,2025-03-31,서울특별시,구로구,고척제1동,26400,13121,13279,26427,13145,13282,27,24,3
1153073000,2025-03-31,서울특별시,구로구,고척제2동,25332,12439,12893,25302,12424,12878,-30,-15,-15
1153074000,2025-03-31,서울특별시,구로구,개봉제1동,33220,16434,16786,33207,16436,16771,-13,2,-15
1153075000,2025-03-31,서울특별시,구로구,개봉제2동,29031,14020,15011,29000,13995,15005,-31,-25,-6
1153076000,2025-03-31,서울특별시,구로구,개봉제3동,19119,9240,9879,19070,9220,9850,-49,-20,-29
1153077000,2025-03-31,서울특별시,구로구,오류제1동,22641,10819,11822,22616,10788,11828,-25,-31,6
1153078000,2025-03-31,서울특별시,구로구,오류제2동,35895,17037,18858,35843,17034,18809,-52,-3,-49
1153079000,2025-03-31,서울특별시,구로구,수궁동,22315,10907,11408,22266,10882,11384,-49,-25,-24
1153080000,2025-03-31,서울특별시,구로구,항동,16069,7788,8281,16025,7760,8265,-44,-28,-16
1154551000,2025-03-31,서울특별시,금천구,가산동,24930,13423,11507,24995,13423,11572,65,0,65
1154561000,2025-03-31,서울특별시,금천구,독산제1동,47079,23769,23310,47130,23793,23337,51,24,27
1154562000,2025-03-31,서울특별시,금천구,독산제2동,17441,8747,8694,17434,8738,8696,-7,-9,2
1154563000,2025-03-31,서울특별시,금천구,독산제3동,22907,11548,11359,22910,11516,11394,3,-32,35
1154564000,2025-03-31,서울특별시,금천구,독산제4동,14100,7042,7058,14070,7037,7033,-30,-5,-25
1154567000,2025-03-31,서울특별시,금천구,시흥제1동,31553,15674,15879,31545,15675,15870,-8,1,-9
1154568000,2025-03-31,서울특별시,금천구,시흥제2동,20093,9631,10462,20081,9614,10467,-12,-17,5
1154569000,2025-03-31,서울특별시,금천구,시흥제3동,10112,4988,5124,10113,4979,5134,1,-9,10
1154570000,2025-03-31,서울특별시,금천구,시흥제4동,18665,9233,9432,18645,9221,9424,-20,-12,-8
1154571000,2025-03-31,서울특별시,금천구,시흥제5동,17531,8679,8852,17489,8659,8830,-42,-20,-22
1156051500,2025-03-31,서울특별시,영등포구,영등포본동,20396,10422,9974,20421,10445,9976,25,23,2
1156053500,2025-03-31,서울특별시,영등포구,영등포동,31204,15812,15392,31246,15854,15392,42,42,0
1156054000,2025-03-31,서울특별시,영등포구,여의동,33919,15966,17953,33902,15947,17955,-17,-19,2
1156055000,2025-03-31,서울특별시,영등포구,당산제1동,21127,10190,10937,21119,10173,10946,-8,-17,9
1156056000,2025-03-31,서울특별시,영등포구,당산제2동,36436,16948,19488,36392,16927,19465,-44,-21,-23
1156058500,2025-03-31,서울특별시,영등포구,도림동,17545,8882,8663,17567,8899,8668,22,17,5
1156060500,2025-03-31,서울특별시,영등포구,문래동,31400,15281,16119,31390,15275,16115,-10,-6,-4
1156061000,2025-03-31,서울특별시,영등포구,양평제1동,18176,8669,9507,18174,8673,9501,-2,4,-6
1156062000,2025-03-31,서울특별시,영등포구,양평제2동,22687,10970,11717,22671,10953,11718,-16,-17,1
1156063000,2025-03-31,서울특별시,영등포구,신길제1동,19110,9722,9388,19105,9739,9366,-5,17,-22
1156065000,2025-03-31,서울특별시,영등포구,신길제3동,15980,7891,8089,15984,7915,8069,4,24,-20
1156066000,2025-03-31,서울특별시,영등포구,신길제4동,11912,5856,6056,11897,5843,6054,-15,-13,-2
1156067000,2025-03-31,서울특별시,영등포구,신길제5동,9574,4654,4920,9581,4657,4924,7,3,4
1156068000,2025-03-31,서울특별시,영등포구,신길제6동,17868,8662,9206,17849,8643,9206,-19,-19,0
1156069000,2025-03-31,서울특별시,영등포구,신길제7동,19592,9714,9878,19636,9723,9913,44,9,35
1156070000,2025-03-31,서울특별시,영등포구,대림제1동,13444,6651,6793,13436,6649,6787,-8,-2,-6
1156071000,2025-03-31,서울특별시,영등포구,대림제2동,11624,5662,5962,11629,5651,5978,5,-11,16
1156072000,2025-03-31,서울특별시,영등포구,대림제3동,21077,10517,10560,21057,10504,10553,-20,-13,-7
1159051000,2025-03-31,서울특별시,동작구,노량진제1동,32685,16656,16029,32758,16712,16046,73,56,17
1159052000,2025-03-31,서울특별시,동작구,노량진제2동,8051,4256,3795,8063,4255,3808,12,-1,13
1159053000,2025-03-31,서울특별시,동작구,상도제1동,44166,21393,22773,44186,21421,22765,20,28,-8
1159054000,2025-03-31,서울특별시,동작구,상도제2동,27212,12925,14287,27157,12897,14260,-55,-28,-27
1159055000,2025-03-31,서울특별시,동작구,상도제3동,23651,11237,12414,23622,11211,12411,-29,-26,-3
1159056000,2025-03-31,서울특별시,동작구,상도제4동,29048,14067,14981,29052,14072,14980,4,5,-1
1159060500,2025-03-31,서울특별시,동작구,흑석동,30056,14483,15573,30077,14452,15625,21,-31,52
1159062000,2025-03-31,서울특별시,동작구,사당제1동,22403,10767,11636,22382,10734,11648,-21,-33,12
1159063000,2025-03-31,서울특별시,동작구,사당제2동,27889,13348,14541,27888,13341,14547,-1,-7,6
1159064000,2025-03-31,서울특별시,동작구,사당제3동,23400,11307,12093,23372,11298,12074,-28,-9,-19
1159065000,2025-03-31,서울특별시,동작구,사당제4동,13695,6543,7152,13694,6545,7149,-1,2,-3
1159065100,2025-03-31,서울특별시,동작구,사당제5동,14055,6713,7342,14045,6715,7330,-10,2,-12
1159066000,2025-03-31,서울특별시,동작구,대방동,34446,16170,18276,34205,16053,18152,-241,-117,-124
1159067000,2025-03-31,서울특별시,동작구,신대방제1동,22995,11042,11953,23003,11044,11959,8,2,6
1159068000,2025-03-31,서울특별시,동작구,신대방제2동,21890,10466,11424,22043,10517,11526,153,51,102
1162052500,2025-03-31,서울특별시,관악구,보라매동,23280,11380,11900,23239,11371,11868,-41,-9,-32
1162054500,2025-03-31,서울특별시,관악구,청림동,14441,6901,7540,14423,6880,7543,-18,-21,3
1162056500,2025-03-31,서울특별시,관악구,성현동,28671,13830,14841,29012,14002,15010,341,172,169
1162057500,2025-03-31,서울특별시,관악구,행운동,28749,13897,14852,28731,13878,14853,-18,-19,1
1162058500,2025-03-31,서울특별시,관악구,낙성대동,17369,8738,8631,17454,8797,8657,85,59,26
1162059500,2025-03-31,서울특별시,관악구,청룡동,36057,17315,18742,36107,17330,18777,50,15,35
1162060500,2025-03-31,서울특별시,관악구,은천동,31744,15565,16179,31664,15529,16135,-80,-36,-44
1162061500,2025-03-31,서울특별시,관악구,중앙동,15195,7227,7968,15248,7236,8012,53,9,44
1162062500,2025-03-31,서울특별시,관악구,인헌동,24967,12098,12869,24988,12130,12858,21,32,-11
1162063000,2025-03-31,서울특별시,관악구,남현동,17468,8442,9026,17467,8430,9037,-1,-12,11
1162064500,2025-03-31,서울특별시,관악구,서원동,23018,12103,10915,23035,12115,10920,17,12,5
1162065500,2025-03-31,서울특별시,관악구,신원동,17481,8982,8499,17420,8949,8471,-61,-33,-28
1162066500,2025-03-31,서울특별시,관악구,서림동,23314,12987,10327,23342,12983,10359,28,-4,32
1162068500,2025-03-31,서울특별시,관악구,신사동,22245,11099,11146,22224,11072,11152,-21,-27,6
1162069500,2025-03-31,서울특별시,관악구,신림동,23019,12435,10584,23101,12487,10614,82,52,30
1162071500,2025-03-31,서울특별시,관악구,난향동,14567,7115,7452,14555,7108,7447,-12,-7,-5
1162072500,2025-03-31,서울특별시,관악구,조원동,19683,9753,9930,19666,9725,9941,-17,-28,11
1162073500,2025-03-31,서울특별시,관악구,대학동,24557,15068,9489,24625,15076,9549,68,8,60
1162074500,2025-03-31,서울특별시,관악구,삼성동,19392,9602,9790,19358,9584,9774,-34,-18,-16
1162076500,2025-03-31,서울특별시,관악구,미성동,28803,14085,14718,28749,14044,14705,-54,-41,-13
1162077500,2025-03-31,서울특별시,관악구,난곡동,24679,12303,12376,24659,12287,12372,-20,-16,-4
1165051000,2025-03-31,서울특별시,서초구,서초1동,20127,9669,10458,20148,9687,10461,21,18,3
1165052000,2025-03-31,서울특별시,서초구,서초2동,24784,11625,13159,24739,11604,13135,-45,-21,-24
1165053000,2025-03-31,서울특별시,서초구,서초3동,31978,15117,16861,31988,15089,16899,10,-28,38
1165053100,2025-03-31,서울특별시,서초구,서초4동,30216,14697,15519,30215,14703,15512,-1,6,-7
1165054000,2025-03-31,서울특별시,서초구,잠원동,26734,12921,13813,26692,12887,13805,-42,-34,-8
1165055000,2025-03-31,서울특별시,서초구,반포본동,225,99,126,229,101,128,4,2,2
1165056000,2025-03-31,서울특별시,서초구,반포1동,33734,16461,17273,33680,16452,17228,-54,-9,-45
1165057000,2025-03-31,서울특별시,서초구,반포2동,26650,12653,13997,26659,12663,13996,9,10,-1
1165058000,2025-03-31,서울특별시,서초구,반포3동,23921,11373,12548,23945,11400,12545,24,27,-3
1165058100,2025-03-31,서울특별시,서초구,반포4동,18462,8587,9875,18454,8573,9881,-8,-14,6
1165059000,2025-03-31,서울특별시,서초구,방배본동,20058,9247,10811,20032,9216,10816,-26,-31,5
1165060000,2025-03-31,서울특별시,서초구,방배1동,16451,7642,8809,16417,7611,8806,-34,-31,-3
1165061000,2025-03-31,서울특별시,서초구,방배2동,17812,8288,9524,17710,8223,9487,-102,-65,-37
1165062000,2025-03-31,서울특별시,서초구,방배3동,15708,7490,8218,15713,7492,8221,5,2,3
1165062100,2025-03-31,서울특별시,서초구,방배4동,22690,10231,12459,22695,10242,12453,5,11,-6
1165065100,2025-03-31,서울특별시,서초구,양재1동,40934,19397,21537,40928,19395,21533,-6,-2,-4
1165065200,2025-03-31,서울특별시,서초구,양재2동,20977,10440,10537,20956,10418,10538,-21,-22,1
1165066000,2025-03-31,서울특별시,서초구,내곡동,16787,8078,8709,16758,8062,8696,-29,-16,-13
1168051000,2025-03-31,서울특별시,강남구,신사동,15278,7116,8162,15242,7105,8137,-36,-11,-25
1168052100,2025-03-31,서울특별시,강남구,논현1동,20783,9846,10937,20723,9806,10917,-60,-40,-20
1168053100,2025-03-31,서울특별시,강남구,논현2동,20100,9336,10764,20073,9323,10750,-27,-13,-14
1168054500,2025-03-31,서울특별시,강남구,압구정동,25627,11901,13726,25608,11884,13724,-19,-17,-2
1168056500,2025-03-31,서울특별시,강남구,청담동,23972,11140,12832,23935,11115,12820,-37,-25,-12
1168058000,2025-03-31,서울특별시,강남구,삼성1동,12213,5964,6249,12527,6114,6413,314,150,164
1168059000,2025-03-31,서울특별시,강남구,삼성2동,30398,14515,15883,30285,14465,15820,-113,-50,-63
1168060000,2025-03-31,서울특별시,강남구,대치1동,23971,12022,11949,23903,11993,11910,-68,-29,-39
1168061000,2025-03-31,서울특별시,강남구,대치2동,38297,19461,18836,38193,19412,18781,-104,-49,-55
1168063000,2025-03-31,서울특별시,강남구,대치4동,18233,8718,9515,18214,8704,9510,-19,-14,-5
1168064000,2025-03-31,서울특별시,강남구,역삼1동,34223,16741,17482,34217,16752,17465,-6,11,-17
1168065000,2025-03-31,서울특별시,강남구,역삼2동,36193,16828,19365,36183,16832,19351,-10,4,-14
1168065500,2025-03-31,서울특별시,강남구,도곡1동,20660,9800,10860,20669,9792,10877,9,-8,17
1168065600,2025-03-31,서울특별시,강남구,도곡2동,32309,14906,17403,32344,14921,17423,35,15,20
1168066000,2025-03-31,서울특별시,강남구,개포1동,26547,12783,13764,26622,12823,13799,75,40,35
1168067000,2025-03-31,서울특별시,강남구,개포2동,42373,20536,21837,42343,20541,21802,-30,5,-35
1168067500,2025-03-31,서울특별시,강남구,개포3동,16650,8042,8608,16626,8026,8600,-24,-16,-8
1168069000,2025-03-31,서울특별시,강남구,개포4동,23053,11091,11962,23088,11096,11992,35,5,30
1168070000,2025-03-31,서울특별시,강남구,세곡동,46234,21568,24666,46158,21527,24631,-76,-41,-35
1168072000,2025-03-31,서울특별시,강남구,일원본동,22551,11137,11414,22513,11130,11383,-38,-7,-31
1168073000,2025-03-31,서울특별시,강남구,일원1동,14257,6865,7392,14243,6846,7397,-14,-19,5
1168075000,2025-03-31,서울특별시,강남구,수서동,13579,6114,7465,13587,6118,7469,8,4,4
1171051000,2025-03-31,서울특별시,송파구,풍납1동,11208,5502,5706,11172,5479,5693,-36,-23,-13
1171052000,2025-03-31,서울특별시,송파구,풍납2동,22984,10926,12058,22975,10921,12054,-9,-5,-4
1171053100,2025-03-31,서울특별시,송파구,거여1동,11815,5863,5952,11759,5827,5932,-56,-36,-20
1171053200,2025-03-31,서울특별시,송파구,거여2동,23288,11273,12015,23286,11269,12017,-2,-4,2
1171054000,2025-03-31,서울특별시,송파구,마천1동,15586,7958,7628,15463,7904,7559,-123,-54,-69
1171055000,2025-03-31,서울특별시,송파구,마천2동,17255,8811,8444,17220,8793,8427,-35,-18,-17
1171056100,2025-03-31,서울특별시,송파구,방이1동,14998,7170,7828,14958,7147,7811,-40,-23,-17
1171056200,2025-03-31,서울특별시,송파구,방이2동,26173,11839,14334,26177,11808,14369,4,-31,35
1171056600,2025-03-31,서울특별시,송파구,오륜동,17559,8632,8927,17512,8617,8895,-47,-15,-32
1171057000,2025-03-31,서울특별시,송파구,오금동,37841,18282,19559,37794,18240,19554,-47,-42,-5
1171058000,2025-03-31,서울특별시,송파구,송파1동,22991,10589,12402,22986,10599,12387,-5,10,-15
1171059000,2025-03-31,서울특별시,송파구,송파2동,18516,8886,9630,18888,9056,9832,372,170,202
1171060000,2025-03-31,서울특별시,송파구,석촌동,30280,14309,15971,30279,14293,15986,-1,-16,15
1171061000,2025-03-31,서울특별시,송파구,삼전동,28611,13393,15218,28569,13374,15195,-42,-19,-23
1171062000,2025-03-31,서울특별시,송파구,가락본동,24702,12162,12540,24664,12164,12500,-38,2,-40
1171063100,2025-03-31,서울특별시,송파구,가락1동,27204,13151,14053,27069,13069,14000,-135,-82,-53
1171063200,2025-03-31,서울특별시,송파구,가락2동,30676,14953,15723,30599,14927,15672,-77,-26,-51
1171064100,2025-03-31,서울특별시,송파구,문정1동,19664,9610,10054,19638,9604,10034,-26,-6,-20
1171064200,2025-03-31,서울특별시,송파구,문정2동,28627,13082,15545,28650,13067,15583,23,-15,38
1171064600,2025-03-31,서울특별시,송파구,장지동,30870,14831,16039,30814,14796,16018,-56,-35,-21
1171064700,2025-03-31,서울특별시,송파구,위례동,44788,21805,22983,44798,21795,23003,10,-10,20
1171065000,2025-03-31,서울특별시,송파구,잠실본동,27538,13009,14529,27545,12997,14548,7,-12,19
1171067000,2025-03-31,서울특별시,송파구,잠실2동,34761,16639,18122,34700,16613,18087,-61,-26,-35
1171068000,2025-03-31,서울특별시,송파구,잠실3동,33799,15904,17895,33683,15867,17816,-116,-37,-79
1171069000,2025-03-31,서울특별시,송파구,잠실4동,21039,10166,10873,21027,10158,10869,-12,-8,-4
1171071000,2025-03-31,서울특별시,송파구,잠실6동,16276,7699,8577,16319,7722,8597,43,23,20
1171072000,2025-03-31,서울특별시,송파구,잠실7동,9383,4354,5029,9351,4348,5003,-32,-6,-26
1174051500,2025-03-31,서울특별시,강동구,강일동,34451,16534,17917,34425,16512,17913,-26,-22,-4
1174052500,2025-03-31,서울특별시,강동구,상일제1동,39134,19246,19888,39075,19213,19862,-59,-33,-26
1174052600,2025-03-31,서울특별시,강동구,상일제2동,13495,6294,7201,13460,6277,7183,-35,-17,-18
1174053000,2025-03-31,서울특별시,강동구,명일제1동,24759,12103,12656,24748,12086,12662,-11,-17,6
1174054000,2025-03-31,서울특별시,강동구,명일제2동,16821,8178,8643,16802,8185,8617,-19,7,-26
1174055000,2025-03-31,서울특별시,강동구,고덕제1동,23705,12169,11536,23711,12155,11556,6,-14,20
1174056000,2025-03-31,서울특별시,강동구,고덕제2동,25314,12702,12612,25308,12684,12624,-6,-18,12
1174057000,2025-03-31,서울특별시,강동구,암사제1동,33054,16316,16738,32990,16296,16694,-64,-20,-44
1174058000,2025-03-31,서울특별시,강동구,암사제2동,14562,7014,7548,14530,7020,7510,-32,6,-38
1174059000,2025-03-31,서울특별시,강동구,암사제3동,17008,8317,8691,16999,8304,8695,-9,-13,4
1174060000,2025-03-31,서울특별시,강동구,천호제1동,25438,12433,13005,25415,12423,12992,-23,-10,-13
1174061000,2025-03-31,서울특별시,강동구,천호제2동,34688,16866,17822,34744,16881,17863,56,15,41
1174062000,2025-03-31,서울특별시,강동구,천호제3동,26196,12479,13717,26205,12474,13731,9,-5,14
1174064000,2025-03-31,서울특별시,강동구,성내제1동,19041,9139,9902,19039,9116,9923,-2,-23,21
1174065000,2025-03-31,서울특별시,강동구,성내제2동,23777,11546,12231,23752,11531,12221,-25,-15,-10
1174066000,2025-03-31,서울특별시,강동구,성내제3동,21652,10549,11103,21624,10536,11088,-28,-13,-15
1174068500,2025-03-31,서울특별시,강동구,길동,47627,23059,24568,47815,23126,24689,188,67,121
1174069000,2025-03-31,서울특별시,강동구,둔촌제1동,26302,13083,13219,29600,14661,14939,3298,1578,1720
1174070000,2025-03-31,서울특별시,강동구,둔촌제2동,24981,12230,12751,25029,12251,12778,48,21,27
2611051000,2025-03-31,부산광역시,중구,중앙동,3078,1416,1662,3106,1432,1674,28,16,12
2611052000,2025-03-31,부산광역시,중구,동광동,2337,1182,1155,2323,1180,1143,-14,-2,-12
2611053000,2025-03-31,부산광역시,중구,대청동,5626,2677,2949,5617,2671,2946,-9,-6,-3
2611054500,2025-03-31,부산광역시,중구,보수동,10001,4767,5234,9976,4745,5231,-25,-22,-3
2611056000,2025-03-31,부산광역시,중구,부평동,4081,1926,2155,4060,1918,2142,-21,-8,-13
2611057000,2025-03-31,부산광역시,중구,광복동,858,427,431,864,428,436,6,1,5
2611058000,2025-03-31,부산광역시,중구,남포동,792,467,325,796,471,325,4,4,0
2611059000,2025-03-31,부산광역시,중구,영주제1동,4296,2206,2090,4272,2197,2075,-24,-9,-15
2611060000,2025-03-31,부산광역시,중구,영주제2동,6308,3067,3241,6281,3045,3236,-27,-22,-5
2614051000,2025-03-31,부산광역시,서구,동대신제1동,5143,2479,2664,5145,2476,2669,2,-3,5
2614052000,2025-03-31,부산광역시,서구,동대신제2동,6423,3102,3321,6394,3084,3310,-29,-18,-11
2614053000,2025-03-31,부산광역시,서구,동대신제3동,6989,3279,3710,6969,3268,3701,-20,-11,-9
2614054000,2025-03-31,부산광역시,서구,서대신제1동,14702,6949,7753,14666,6933,7733,-36,-16,-20
2614056000,2025-03-31,부산광역시,서구,서대신제3동,7311,3346,3965,7274,3330,3944,-37,-16,-21
2614057000,2025-03-31,부산광역시,서구,서대신제4동,6996,3357,3639,6968,3346,3622,-28,-11,-17
2614059000,2025-03-31,부산광역시,서구,부민동,7311,3467,3844,7323,3462,3861,12,-5,17
2614061500,2025-03-31,부산광역시,서구,아미동,6271,3098,3173,6275,3090,3185,4,-8,12
2614063000,2025-03-31,부산광역시,서구,초장동,3661,1828,1833,3650,1825,1825,-11,-3,-8
2614064000,2025-03-31,부산광역시,서구,충무동,9486,4522,4964,9463,4506,4957,-23,-16,-7
2614065000,2025-03-31,부산광역시,서구,남부민제1동,4324,2164,2160,4297,2152,2145,-27,-12,-15
2614066000,2025-03-31,부산광역시,서구,남부민제2동,7605,3742,3863,7575,3720,3855,-30,-22,-8
2614068000,2025-03-31,부산광역시,서구,암남동,16773,8098,8675,16892,8142,8750,119,44,75
2617051000,2025-03-31,부산광역시,동구,초량제1동,4858,2436,2422,4859,2444,2415,1,8,-7
2617052000,2025-03-31,부산광역시,동구,초량제2동,5083,2522,2561,5064,2516,2548,-19,-6,-13
2617053000,2025-03-31,부산광역시,동구,초량제3동,12541,6024,6517,12510,6014,6496,-31,-10,-21
2617055000,2025-03-31,부산광역시,동구,초량제6동,5153,2502,2651,5138,2491,2647,-15,-11,-4
2617056000,2025-03-31,부산광역시,동구,수정제1동,3918,1889,2029,3915,1888,2027,-3,-1,-2
2617057000,2025-03-31,부산광역시,동구,수정제2동,8893,4210,4683,8892,4209,4683,-1,-1,0
2617059000,2025-03-31,부산광역시,동구,수정제4동,3353,1642,1711,3337,1629,1708,-16,-13,-3
2617060000,2025-03-31,부산광역시,동구,수정제5동,4618,2208,2410,4596,2198,2398,-22,-10,-12
2617064500,2025-03-31,부산광역시,동구,좌천동,10975,5280,5695,10958,5267,5691,-17,-13,-4
2617065000,2025-03-31,부산광역시,동구,범일제1동,10410,5024,5386,10371,5008,5363,-39,-16,-23
2617066000,2025-03-31,부산광역시,동구,범일제2동,7022,3498,3524,6978,3478,3500,-44,-20,-24
2617068000,2025-03-31,부산광역시,동구,범일제5동,8931,4383,4548,8941,4387,4554,10,4,6
2620053000,2025-03-31,부산광역시,영도구,남항동,9960,4956,5004,9959,4956,5003,-1,0,-1
2620054000,2025-03-31,부산광역시,영도구,영선제1동,3603,1704,1899,3577,1689,1888,-26,-15,-11
2620055000,2025-03-31,부산광역시,영도구,영선제2동,7175,3469,3706,7175,3464,3711,0,-5,5
2620058500,2025-03-31,부산광역시,영도구,신선동,6829,3381,3448,6776,3356,3420,-53,-25,-28
2620059000,2025-03-31,부산광역시,영도구,봉래제1동,6092,3005,3087,6090,2993,3097,-2,-12,10
2620060500,2025-03-31,부산광역시,영도구,봉래제2동,7117,3452,3665,7113,3451,3662,-4,-1,-3
2620063000,2025-03-31,부산광역시,영도구,청학제1동,5265,2562,2703,5239,2555,2684,-26,-7,-19
2620064000,2025-03-31,부산광역시,영도구,청학제2동,16052,7894,8158,15987,7863,8124,-65,-31,-34
2620065000,2025-03-31,부산광역시,영도구,동삼제1동,27641,13431,14210,27609,13437,14172,-32,6,-38
2620066000,2025-03-31,부산광역시,영도구,동삼제2동,4991,2623,2368,4993,2615,2378,2,-8,10
2620067000,2025-03-31,부산광역시,영도구,동삼제3동,8543,4168,4375,8514,4150,4364,-29,-18,-11
2623051000,2025-03-31,부산광역시,부산진구,부전제1동,14098,6945,7153,14084,6914,7170,-14,-31,17
2623052000,2025-03-31,부산광역시,부산진구,부전제2동,12242,6064,6178,12200,6045,6155,-42,-19,-23
2623054000,2025-03-31,부산광역시,부산진구,연지동,25560,12145,13415,25559,12140,13419,-1,-5,4
2623055000,2025-03-31,부산광역시,부산진구,초읍동,21745,10480,11265,21705,10472,11233,-40,-8,-32
2623056000,2025-03-31,부산광역시,부산진구,양정제1동,18494,8540,9954,18471,8544,9927,-23,4,-27
2623057000,2025-03-31,부산광역시,부산진구,양정제2동,17517,8145,9372,18974,8850,10124,1457,705,752
2623060000,2025-03-31,부산광역시,부산진구,전포제1동,20429,9719,10710,20388,9684,10704,-41,-35,-6
2623061000,2025-03-31,부산광역시,부산진구,전포제2동,23105,10774,12331,23048,10752,12296,-57,-22,-35
2623064000,2025-03-31,부산광역시,부산진구,부암제1동,23033,11129,11904,22989,11114,11875,-44,-15,-29
2623066000,2025-03-31,부산광역시,부산진구,부암제3동,21019,10262,10757,21138,10325,10813,119,63,56
2623067000,2025-03-31,부산광역시,부산진구,당감제1동,20620,9752,10868,20594,9744,10850,-26,-8,-18
2623068000,2025-03-31,부산광역시,부산진구,당감제2동,11685,5556,6129,11672,5552,6120,-13,-4,-9
2623070000,2025-03-31,부산광역시,부산진구,당감제4동,10086,4878,5208,10023,4843,5180,-63,-35,-28
2623071000,2025-03-31,부산광역시,부산진구,가야제1동,16216,8197,8019,16211,8179,8032,-5,-18,13
2623072000,2025-03-31,부산광역시,부산진구,가야제2동,17982,8654,9328,17933,8629,9304,-49,-25,-24
2623074000,2025-03-31,부산광역시,부산진구,개금제1동,18249,8873,9376,18234,8866,9368,-15,-7,-8
2623075000,2025-03-31,부산광역시,부산진구,개금제2동,9799,4662,5137,9764,4643,5121,-35,-19,-16
2623076000,2025-03-31,부산광역시,부산진구,개금제3동,26052,12427,13625,26004,12396,13608,-48,-31,-17
2623077000,2025-03-31,부산광역시,부산진구,범천제1동,12137,5609,6528,12157,5604,6553,20,-5,25
2623078000,2025-03-31,부산광역시,부산진구,범천제2동,21132,10139,10993,21385,10260,11125,253,121,132
2626051000,2025-03-31,부산광역시,동래구,수민동,30349,14611,15738,30321,14589,15732,-28,-22,-6
2626052000,2025-03-31,부산광역시,동래구,복산동,8149,3922,4227,8118,3919,4199,-31,-3,-28
2626054500,2025-03-31,부산광역시,동래구,명륜동,25985,12797,13188,25940,12759,13181,-45,-38,-7
2626055000,2025-03-31,부산광역시,동래구,온천제1동,32497,15285,17212,32735,15391,17344,238,106,132
2626056000,2025-03-31,부산광역시,동래구,온천제2동,23876,11472,12404,23835,11459,12376,-41,-13,-28
2626057000,2025-03-31,부산광역시,동래구,온천제3동,35747,17377,18370,35729,17364,18365,-18,-13,-5
2626058000,2025-03-31,부산광역시,동래구,사직제1동,11640,5574,6066,11664,5591,6073,24,17,7
2626059000,2025-03-31,부산광역시,동래구,사직제2동,24481,11644,12837,24426,11614,12812,-55,-30,-25
2626060000,2025-03-31,부산광역시,동래구,사직제3동,16694,8253,8441,16638,8229,8409,-56,-24,-32
2626074000,2025-03-31,부산광역시,동래구,안락제1동,13129,6382,6747,13107,6367,6740,-22,-15,-7
2626075000,2025-03-31,부산광역시,동래구,안락제2동,25768,12353,13415,25744,12352,13392,-24,-1,-23
2626076100,2025-03-31,부산광역시,동래구,명장제1동,13159,6336,6823,13130,6325,6805,-29,-11,-18
2626076200,2025-03-31,부산광역시,동래구,명장제2동,13433,6462,6971,13397,6439,6958,-36,-23,-13
2629051000,2025-03-31,부산광역시,남구,대연제1동,15268,7707,7561,15266,7706,7560,-2,-1,-1
2629053000,2025-03-31,부산광역시,남구,대연제3동,36245,17701,18544,36249,17703,18546,4,2,2
2629054000,2025-03-31,부산광역시,남구,대연제4동,13894,6735,7159,13896,6730,7166,2,-5,7
2629055000,2025-03-31,부산광역시,남구,대연제5동,16260,7777,8483,16244,7771,8473,-16,-6,-10
2629056000,2025-03-31,부산광역시,남구,대연제6동,15687,7518,8169,15677,7508,8169,-10,-10,0
2629057000,2025-03-31,부산광역시,남구,용호제1동,42415,20277,22138,42334,20227,22107,-81,-50,-31
2629058000,2025-03-31,부산광역시,남구,용호제2동,19347,9313,10034,19318,9298,10020,-29,-15,-14
2629059000,2025-03-31,부산광역시,남구,용호제3동,10222,4912,5310,10182,4887,5295,-40,-25,-15
2629060000,2025-03-31,부산광역시,남구,용호제4동,7615,3643,3972,7608,3643,3965,-7,0,-7
2629061000,2025-03-31,부산광역시,남구,용당동,7663,3871,3792,7643,3868,3775,-20,-3,-17
2629062000,2025-03-31,부산광역시,남구,감만제1동,7841,4024,3817,7782,3997,3785,-59,-27,-32
2629063000,2025-03-31,부산광역시,남구,감만제2동,6235,3047,3188,6196,3036,3160,-39,-11,-28
2629064500,2025-03-31,부산광역시,남구,우암동,11881,5780,6101,11862,5765,6097,-19,-15,-4
2629068000,2025-03-31,부산광역시,남구,문현제1동,10539,5141,5398,10504,5130,5374,-35,-11,-24
2629069000,2025-03-31,부산광역시,남구,문현제2동,8273,4094,4179,8252,4075,4177,-21,-19,-2
2629070000,2025-03-31,부산광역시,남구,문현제3동,16036,7794,8242,16031,7808,8223,-5,14,-19
2629071000,2025-03-31,부산광역시,남구,문현제4동,8585,4184,4401,8569,4178,4391,-16,-6,-10
2632051000,2025-03-31,부산광역시,북구,구포제1동,14956,7498,7458,14935,7481,7454,-21,-17,-4
2632052000,2025-03-31,부산광역시,북구,구포제2동,23083,11806,11277,23034,11782,11252,-49,-24,-25
2632052100,2025-03-31,부산광역시,북구,구포제3동,17422,8895,8527,17351,8860,8491,-71,-35,-36
2632053000,2025-03-31,부산광역시,북구,금곡동,34555,16609,17946,34441,16559,17882,-114,-50,-64
2632054100,2025-03-31,부산광역시,북구,화명제1동,39093,19058,20035,38987,19006,19981,-106,-52,-54
2632054200,2025-03-31,부산광역시,북구,화명제2동,16686,8101,8585,16650,8076,8574,-36,-25,-11
2632054300,2025-03-31,부산광역시,북구,화명제3동,27985,13620,14365,27955,13606,14349,-30,-14,-16
2632055000,2025-03-31,부산광역시,북구,덕천제1동,13341,6522,6819,13345,6518,6827,4,-4,8
2632056000,2025-03-31,부산광역시,북구,덕천제2동,10774,5377,5397,10767,5372,5395,-7,-5,-2
2632056100,2025-03-31,부산광역시,북구,덕천제3동,9641,4692,4949,9616,4681,4935,-25,-11,-14
2632057100,2025-03-31,부산광역시,북구,만덕제1동,16054,7827,8227,16016,7794,8222,-38,-33,-5
2632057200,2025-03-31,부산광역시,북구,만덕제2동,25863,12589,13274,25832,12557,13275,-31,-32,1
2632057300,2025-03-31,부산광역시,북구,만덕제3동,17134,8203,8931,17086,8174,8912,-48,-29,-19
2635051000,2025-03-31,부산광역시,해운대구,우제1동,23635,11232,12403,23610,11201,12409,-25,-31,6
2635052000,2025-03-31,부산광역시,해운대구,우제2동,29708,14082,15626,29687,14070,15617,-21,-12,-9
2635052500,2025-03-31,부산광역시,해운대구,우제3동,27929,13191,14738,27889,13163,14726,-40,-28,-12
2635053000,2025-03-31,부산광역시,해운대구,중제1동,27144,12896,14248,27145,12897,14248,1,1,0
2635054000,2025-03-31,부산광역시,해운대구,중제2동,15091,7203,7888,15122,7214,7908,31,11,20
2635055100,2025-03-31,부산광역시,해운대구,좌제1동,17076,7936,9140,17059,7924,9135,-17,-12,-5
2635055200,2025-03-31,부산광역시,해운대구,좌제2동,30099,13848,16251,30056,13832,16224,-43,-16,-27
2635055300,2025-03-31,부산광역시,해운대구,좌제3동,14923,6937,7986,14914,6928,7986,-9,-9,0
2635055400,2025-03-31,부산광역시,해운대구,좌제4동,21795,10327,11468,21766,10314,11452,-29,-13,-16
2635056000,2025-03-31,부산광역시,해운대구,송정동,9158,4383,4775,9159,4391,4768,1,8,-7
2635057000,2025-03-31,부산광역시,해운대구,반여제1동,35393,17353,18040,35381,17353,18028,-12,0,-12
2635058000,2025-03-31,부산광역시,해운대구,반여제2동,11224,5463,5761,11195,5464,5731,-29,1,-30
2635059000,2025-03-31,부산광역시,해운대구,반여제3동,7403,3577,3826,7387,3572,3815,-16,-5,-11
2635059500,2025-03-31,부산광역시,해운대구,반여제4동,14437,7069,7368,14413,7058,7355,-24,-11,-13
2635061000,2025-03-31,부산광역시,해운대구,반송제1동,11872,5959,5913,11822,5939,5883,-50,-20,-30
2635062000,2025-03-31,부산광역시,해운대구,반송제2동,20615,10006,10609,20578,9988,10590,-37,-18,-19
2635065000,2025-03-31,부산광역시,해운대구,재송제1동,36353,17869,18484,36290,17840,18450,-63,-29,-34
2635066000,2025-03-31,부산광역시,해운대구,재송제2동,21822,10589,11233,21754,10556,11198,-68,-33,-35
2638051000,2025-03-31,부산광역시,사하구,괴정제1동,17227,8190,9037,16993,8074,8919,-234,-116,-118
2638052000,2025-03-31,부산광역시,사하구,괴정제2동,14653,7092,7561,14634,7089,7545,-19,-3,-16
2638053000,2025-03-31,부산광역시,사하구,괴정제3동,11343,5374,5969,11350,5378,5972,7,4,3
2638054000,2025-03-31,부산광역시,사하구,괴정제4동,14759,7212,7547,14698,7189,7509,-61,-23,-38
2638055000,2025-03-31,부산광역시,사하구,당리동,23598,11473,12125,23500,11413,12087,-98,-60,-38
2638056100,2025-03-31,부산광역시,사하구,하단제1동,20783,10395,10388,20796,10398,10398,13,3,10
2638056200,2025-03-31,부산광역시,사하구,하단제2동,25025,12687,12338,25164,12792,12372,139,105,34
2638057100,2025-03-31,부산광역시,사하구,신평제1동,15180,7793,7387,15165,7771,7394,-15,-22,7
2638057200,2025-03-31,부산광역시,사하구,신평제2동,16863,8386,8477,16855,8373,8482,-8,-13,5
2638058000,2025-03-31,부산광역시,사하구,장림제1동,13000,6698,6302,13112,6758,6354,112,60,52
2638059000,2025-03-31,부산광역시,사하구,장림제2동,25036,12639,12397,24971,12603,12368,-65,-36,-29
2638060100,2025-03-31,부산광역시,사하구,다대제1동,35457,17667,17790,35333,17578,17755,-124,-89,-35
2638060200,2025-03-31,부산광역시,사하구,다대제2동,24961,12217,12744,24977,12223,12754,16,6,10
2638061000,2025-03-31,부산광역시,사하구,구평동,12269,6261,6008,12237,6245,5992,-32,-16,-16
2638062000,2025-03-31,부산광역시,사하구,감천제1동,16467,8050,8417,16432,8029,8403,-35,-21,-14
2638063000,2025-03-31,부산광역시,사하구,감천제2동,5070,2557,2513,5029,2537,2492,-41,-20,-21
2641051000,2025-03-31,부산광역시,금정구,서제1동,4267,2215,2052,4235,2192,2043,-32,-23,-9
2641052000,2025-03-31,부산광역시,금정구,서제2동,8035,4010,4025,8008,3997,4011,-27,-13,-14
2641053000,2025-03-31,부산광역시,금정구,서제3동,9857,4906,4951,9813,4880,4933,-44,-26,-18
2641055500,2025-03-31,부산광역시,금정구,금사회동동,6891,3589,3302,6861,3567,3294,-30,-22,-8
2641057000,2025-03-31,부산광역시,금정구,부곡제1동,7199,3474,3725,7161,3458,3703,-38,-16,-22
2641058000,2025-03-31,부산광역시,금정구,부곡제2동,16644,7854,8790,16633,7850,8783,-11,-4,-7
2641059000,2025-03-31,부산광역시,금정구,부곡제3동,14715,6959,7756,14628,6918,7710,-87,-41,-46
2641059100,2025-03-31,부산광역시,금정구,부곡제4동,11483,5443,6040,11486,5434,6052,3,-9,12
2641060000,2025-03-31,부산광역시,금정구,장전제1동,17828,9356,8472,17826,9334,8492,-2,-22,20
2641061000,2025-03-31,부산광역시,금정구,장전제2동,26006,12480,13526,26032,12514,13518,26,34,-8
2641063500,2025-03-31,부산광역시,금정구,선두구동,1998,1057,941,1992,1054,938,-6,-3,-3
2641066500,2025-03-31,부산광역시,금정구,청룡노포동,9149,4464,4685,9117,4454,4663,-32,-10,-22
2641067000,2025-03-31,부산광역시,금정구,남산동,25728,12568,13160,25698,12562,13136,-30,-6,-24
2641068000,2025-03-31,부산광역시,금정구,구서제1동,18244,8583,9661,18227,8557,9670,-17,-26,9
2641069000,2025-03-31,부산광역시,금정구,구서제2동,30561,14555,16006,30465,14514,15951,-96,-41,-55
2641070000,2025-03-31,부산광역시,금정구,금성동,909,446,463,903,443,460,-6,-3,-3
2644051000,2025-03-31,부산광역시,강서구,대저1동,5629,3092,2537,5593,3068,2525,-36,-24,-12
2644052000,2025-03-31,부산광역시,강서구,대저2동,6162,3455,2707,6139,3439,2700,-23,-16,-7
2644053000,2025-03-31,부산광역시,강서구,강동동,6847,3531,3316,6864,3544,3320,17,13,4
2644053500,2025-03-31,부산광역시,강서구,명지1동,54354,27266,27088,54374,27271,27103,20,5,15
2644054500,2025-03-31,부산광역시,강서구,명지2동,29888,14948,14940,29860,14952,14908,-28,4,-32
2644055000,2025-03-31,부산광역시,강서구,가락동,2058,1118,940,2060,1118,942,2,0,2
2644056000,2025-03-31,부산광역시,강서구,녹산동,17713,9841,7872,17690,9824,7866,-23,-17,-6
2644058000,2025-03-31,부산광역시,강서구,가덕도동,4299,2282,2017,4308,2286,2022,9,4,5
2644059000,2025-03-31,부산광역시,강서구,신호동,15856,8394,7462,15815,8367,7448,-41,-27,-14
2647061000,2025-03-31,부산광역시,연제구,거제제1동,27775,13335,14440,27680,13290,14390,-95,-45,-50
2647062000,2025-03-31,부산광역시,연제구,거제제2동,24972,11956,13016,24968,11963,13005,-4,7,-11
2647063000,2025-03-31,부산광역시,연제구,거제제3동,9201,4301,4900,9141,4271,4870,-60,-30,-30
2647064000,2025-03-31,부산광역시,연제구,거제제4동,9415,4540,4875,9388,4533,4855,-27,-7,-20
2647065000,2025-03-31,부산광역시,연제구,연산제1동,15375,7462,7913,15255,7398,7857,-120,-64,-56
2647066000,2025-03-31,부산광역시,연제구,연산제2동,21647,10189,11458,21622,10182,11440,-25,-7,-18
2647067000,2025-03-31,부산광역시,연제구,연산제3동,10222,4878,5344,10214,4870,5344,-8,-8,0
2647068000,2025-03-31,부산광역시,연제구,연산제4동,16498,7899,8599,16527,7919,8608,29,20,9
2647069000,2025-03-31,부산광역시,연제구,연산제5동,16807,7961,8846,16810,7956,8854,3,-5,8
2647070000,2025-03-31,부산광역시,연제구,연산제6동,15269,7248,8021,15199,7211,7988,-70,-37,-33
2647072000,2025-03-31,부산광역시,연제구,연산제8동,13000,6333,6667,12992,6323,6669,-8,-10,2
2647073000,2025-03-31,부산광역시,연제구,연산제9동,31828,15081,16747,31731,15030,16701,-97,-51,-46
2650066000,2025-03-31,부산광역시,수영구,남천제1동,16674,7652,9022,16664,7637,9027,-10,-15,5
2650067000,2025-03-31,부산광역시,수영구,남천제2동,13386,6251,7135,13374,6230,7144,-12,-21,9
2650073000,2025-03-31,부산광역시,수영구,수영동,13735,6522,7213,13704,6505,7199,-31,-17,-14
2650074000,2025-03-31,부산광역시,수영구,망미제1동,25491,12077,13414,25434,12050,13384,-57,-27,-30
2650075000,2025-03-31,부산광역시,수영구,망미제2동,9705,4731,4974,9648,4689,4959,-57,-42,-15
2650076000,2025-03-31,부산광역시,수영구,광안제1동,24777,11427,13350,24746,11409,13337,-31,-18,-13
2650077000,2025-03-31,부산광역시,수영구,광안제2동,18288,8375,9913,18285,8386,9899,-3,11,-14
2650078000,2025-03-31,부산광역시,수영구,광안제3동,9148,4260,4888,9102,4239,4863,-46,-21,-25
2650079000,2025-03-31,부산광역시,수영구,광안제4동,13126,5904,7222,13117,5894,7223,-9,-10,1
2650080000,2025-03-31,부산광역시,수영구,민락동,27138,13022,14116,27057,12970,14087,-81,-52,-29
2653058000,2025-03-31,부산광역시,사상구,삼락동,4967,2598,2369,4974,2608,2366,7,10,-3
2653059100,2025-03-31,부산광역시,사상구,모라제1동,25790,12801,12989,25704,12772,12932,-86,-29,-57
2653059300,2025-03-31,부산광역시,사상구,모라제3동,8950,4210,4740,8910,4192,4718,-40,-18,-22
2653060000,2025-03-31,부산광역시,사상구,덕포제1동,11717,5895,5822,11696,5889,5807,-21,-6,-15
2653061000,2025-03-31,부산광역시,사상구,덕포제2동,11811,5958,5853,11785,5947,5838,-26,-11,-15
2653062000,2025-03-31,부산광역시,사상구,괘법동,24258,12507,11751,24289,12509,11780,31,2,29
2653064500,2025-03-31,부산광역시,사상구,감전동,11648,6128,5520,11604,6104,5500,-44,-24,-20
2653065000,2025-03-31,부산광역시,사상구,주례제1동,16300,8210,8090,16269,8194,8075,-31,-16,-15
2653066000,2025-03-31,부산광역시,사상구,주례제2동,21180,10576,10604,21168,10567,10601,-12,-9,-3
2653066100,2025-03-31,부산광역시,사상구,주례제3동,11861,5735,6126,11813,5709,6104,-48,-26,-22
2653067000,2025-03-31,부산광역시,사상구,학장동,25856,12766,13090,25790,12727,13063,-66,-39,-27
2653068000,2025-03-31,부산광역시,사상구,엄궁동,23664,11766,11898,23623,11750,11873,-41,-16,-25
2671025000,2025-03-31,부산광역시,기장군,기장읍,51043,24968,26075,51048,24935,26113,5,-33,38
2671025300,2025-03-31,부산광역시,기장군,장안읍,8553,4624,3929,8546,4626,3920,-7,2,-9
2671025600,2025-03-31,부산광역시,기장군,정관읍,78070,38618,39452,77967,38597,39370,-103,-21,-82
2671025900,2025-03-31,부산광역시,기장군,일광읍,30035,14826,15209,30059,14851,15208,24,25,-1
2671033000,2025-03-31,부산광역시,기장군,철마면,7374,3708,3666,7333,3685,3648,-41,-23,-18
2711051700,2025-03-31,대구광역시,중구,동인동,10044,5011,5033,9991,4985,5006,-53,-26,-27
2711054500,2025-03-31,대구광역시,중구,삼덕동,7211,3526,3685,7208,3531,3677,-3,5,-8
2711056500,2025-03-31,대구광역시,중구,성내1동,5011,2361,2650,5052,2380,2672,41,19,22
2711057500,2025-03-31,대구광역시,중구,성내2동,8080,3901,4179,8118,3932,4186,38,31,7
2711058500,2025-03-31,대구광역시,중구,성내3동,13117,6482,6635,13191,6522,6669,74,40,34
2711059500,2025-03-31,대구광역시,중구,대신동,7324,3537,3787,7320,3535,3785,-4,-2,-2
2711064000,2025-03-31,대구광역시,중구,남산1동,5076,2396,2680,5069,2404,2665,-7,8,-15
2711065000,2025-03-31,대구광역시,중구,남산2동,7102,3319,3783,7142,3345,3797,40,26,14
2711066000,2025-03-31,대구광역시,중구,남산3동,5963,2717,3246,5961,2711,3250,-2,-6,4
2711067000,2025-03-31,대구광역시,중구,남산4동,16250,7573,8677,16241,7566,8675,-9,-7,-2
2711068000,2025-03-31,대구광역시,중구,대봉1동,7716,3584,4132,7687,3566,4121,-29,-18,-11
2711069000,2025-03-31,대구광역시,중구,대봉2동,5674,2708,2966,5731,2730,3001,57,22,35
2714051000,2025-03-31,대구광역시,동구,신암1동,10981,5460,5521,11017,5471,5546,36,11,25
2714052000,2025-03-31,대구광역시,동구,신암2동,11712,5534,6178,11675,5520,6155,-37,-14,-23
2714053000,2025-03-31,대구광역시,동구,신암3동,11278,5570,5708,11314,5566,5748,36,-4,40
2714054000,2025-03-31,대구광역시,동구,신암4동,18363,9105,9258,18378,9109,9269,15,4,11
2714054100,2025-03-31,대구광역시,동구,신암5동,7525,3562,3963,7516,3551,3965,-9,-11,2
2714055500,2025-03-31,대구광역시,동구,신천1.2동,11372,5273,6099,11340,5260,6080,-32,-13,-19
2714057000,2025-03-31,대구광역시,동구,신천3동,14226,7012,7214,14256,7015,7241,30,3,27
2714058000,2025-03-31,대구광역시,동구,신천4동,10486,5168,5318,10582,5207,5375,96,39,57
2714059000,2025-03-31,대구광역시,동구,효목1동,11866,5872,5994,11821,5834,5987,-45,-38,-7
2714060000,2025-03-31,대구광역시,동구,효목2동,14001,6647,7354,14011,6650,7361,10,3,7
2714061500,2025-03-31,대구광역시,동구,도평동,3578,1948,1630,3552,1942,1610,-26,-6,-20
2714062000,2025-03-31,대구광역시,동구,불로.봉무동,19795,9708,10087,19761,9695,10066,-34,-13,-21
2714064000,2025-03-31,대구광역시,동구,지저동,12926,6430,6496,12871,6398,6473,-55,-32,-23
2714065500,2025-03-31,대구광역시,동구,동촌동,14287,7187,7100,14288,7198,7090,1,11,-10
2714067000,2025-03-31,대구광역시,동구,방촌동,17191,8292,8899,17134,8269,8865,-57,-23,-34
2714068500,2025-03-31,대구광역시,동구,해안동,13583,6751,6832,13554,6735,6819,-29,-16,-13
2714072000,2025-03-31,대구광역시,동구,안심1동,38081,18428,19653,37984,18378,19606,-97,-50,-47
2714073000,2025-03-31,대구광역시,동구,안심2동,16475,8225,8250,16588,8292,8296,113,67,46
2714074200,2025-03-31,대구광역시,동구,안심3동,20145,9720,10425,20048,9683,10365,-97,-37,-60
2714074700,2025-03-31,대구광역시,동구,안심4동,26704,13078,13626,26692,13072,13620,-12,-6,-6
2714075500,2025-03-31,대구광역시,동구,혁신동,16876,8270,8606,16892,8288,8604,16,18,-2
2714076000,2025-03-31,대구광역시,동구,공산동,20239,9824,10415,20200,9807,10393,-39,-17,-22
2717051000,2025-03-31,대구광역시,서구,내당1동,9417,4602,4815,9408,4602,4806,-9,0,-9
2717052500,2025-03-31,대구광역시,서구,내당2.3동,8260,3988,4272,8214,3961,4253,-46,-27,-19
2717054000,2025-03-31,대구광역시,서구,내당4동,14499,6900,7599,14477,6886,7591,-22,-14,-8
2717055000,2025-03-31,대구광역시,서구,비산1동,8251,4153,4098,8219,4136,4083,-32,-17,-15
2717056500,2025-03-31,대구광역시,서구,비산2.3동,7974,3890,4084,7914,3861,4053,-60,-29,-31
2717058000,2025-03-31,대구광역시,서구,비산4동,8672,4185,4487,8641,4168,4473,-31,-17,-14
2717059000,2025-03-31,대구광역시,서구,비산5동,5079,2577,2502,5055,2568,2487,-24,-9,-15
2717060000,2025-03-31,대구광역시,서구,비산6동,6601,3214,3387,6586,3212,3374,-15,-2,-13
2717061000,2025-03-31,대구광역시,서구,비산7동,8382,4424,3958,8362,4409,3953,-20,-15,-5
2717062000,2025-03-31,대구광역시,서구,평리1동,6532,3268,3264,6524,3260,3264,-8,-8,0
2717063000,2025-03-31,대구광역시,서구,평리2동,7117,3431,3686,7107,3423,3684,-10,-8,-2
2717064000,2025-03-31,대구광역시,서구,평리3동,12429,6202,6227,12426,6198,6228,-3,-4,1
2717065000,2025-03-31,대구광역시,서구,평리4동,15716,7827,7889,15667,7791,7876,-49,-36,-13
2717066000,2025-03-31,대구광역시,서구,평리5동,10114,5051,5063,10141,5076,5065,27,25,2
2717066100,2025-03-31,대구광역시,서구,평리6동,5502,2899,2603,5490,2893,2597,-12,-6,-6
2717067500,2025-03-31,대구광역시,서구,상중이동,17648,8763,8885,17618,8753,8865,-30,-10,-20
2717069500,2025-03-31,대구광역시,서구,원대동,10218,5133,5085,10234,5133,5101,16,0,16
2720051500,2025-03-31,대구광역시,남구,이천동,14175,6680,7495,14265,6731,7534,90,51,39
2720053000,2025-03-31,대구광역시,남구,봉덕1동,7989,3883,4106,7978,3881,4097,-11,-2,-9
2720054000,2025-03-31,대구광역시,남구,봉덕2동,13027,6141,6886,13037,6145,6892,10,4,6
2720055000,2025-03-31,대구광역시,남구,봉덕3동,14562,6853,7709,14501,6838,7663,-61,-15,-46
2720056000,2025-03-31,대구광역시,남구,대명1동,9660,4679,4981,9603,4650,4953,-57,-29,-28
2720057100,2025-03-31,대구광역시,남구,대명2동,11676,5497,6179,11664,5481,6183,-12,-16,4
2720058600,2025-03-31,대구광역시,남구,대명3동,9458,4620,4838,9427,4602,4825,-31,-18,-13
2720059000,2025-03-31,대구광역시,남구,대명4동,9570,4564,5006,9537,4550,4987,-33,-14,-19
2720060000,2025-03-31,대구광역시,남구,대명5동,6926,3287,3639,7109,3360,3749,183,73,110
2720061000,2025-03-31,대구광역시,남구,대명6동,10743,5138,5605,10692,5118,5574,-51,-20,-31
2720064000,2025-03-31,대구광역시,남구,대명9동,13531,6605,6926,13517,6604,6913,-14,-1,-13
2720065000,2025-03-31,대구광역시,남구,대명10동,8126,3795,4331,8102,3780,4322,-24,-15,-9
2720066000,2025-03-31,대구광역시,남구,대명11동,7455,3496,3959,7416,3465,3951,-39,-31,-8
2723051000,2025-03-31,대구광역시,북구,고성동,12866,6351,6515,12881,6353,6528,15,2,13
2723052600,2025-03-31,대구광역시,북구,칠성동,21574,10236,11338,21667,10298,11369,93,62,31
2723055000,2025-03-31,대구광역시,북구,침산1동,3589,1915,1674,3583,1911,1672,-6,-4,-2
2723056000,2025-03-31,대구광역시,북구,침산2동,17686,8477,9209,17747,8503,9244,61,26,35
2723057000,2025-03-31,대구광역시,북구,침산3동,18178,8665,9513,18121,8626,9495,-57,-39,-18
2723061000,2025-03-31,대구광역시,북구,산격1동,7797,3818,3979,7762,3802,3960,-35,-16,-19
2723062000,2025-03-31,대구광역시,북구,산격2동,9730,4743,4987,9688,4718,4970,-42,-25,-17
2723063000,2025-03-31,대구광역시,북구,산격3동,8289,4330,3959,8289,4331,3958,0,1,-1
2723063100,2025-03-31,대구광역시,북구,산격4동,7333,3835,3498,7295,3820,3475,-38,-15,-23
2723064500,2025-03-31,대구광역시,북구,대현동,15906,8036,7870,15855,7987,7868,-51,-49,-2
2723067100,2025-03-31,대구광역시,북구,복현1동,6998,3889,3109,7042,3921,3121,44,32,12
2723067200,2025-03-31,대구광역시,북구,복현2동,29143,14407,14736,29074,14359,14715,-69,-48,-21
2723068000,2025-03-31,대구광역시,북구,검단동,5694,2785,2909,5659,2766,2893,-35,-19,-16
2723069500,2025-03-31,대구광역시,북구,무태조야동,33480,17066,16414,33360,17018,16342,-120,-48,-72
2723071500,2025-03-31,대구광역시,북구,관문동,32987,16341,16646,32907,16298,16609,-80,-43,-37
2723072500,2025-03-31,대구광역시,북구,태전1동,21563,10731,10832,21435,10678,10757,-128,-53,-75
2723073500,2025-03-31,대구광역시,북구,태전2동,22375,10846,11529,22264,10793,11471,-111,-53,-58
2723074500,2025-03-31,대구광역시,북구,구암동,31566,15359,16207,31366,15263,16103,-200,-96,-104
2723075000,2025-03-31,대구광역시,북구,관음동,14454,7306,7148,14405,7270,7135,-49,-36,-13
2723077000,2025-03-31,대구광역시,북구,읍내동,24168,11999,12169,24713,12273,12440,545,274,271
2723078000,2025-03-31,대구광역시,북구,동천동,25542,12327,13215,25352,12235,13117,-190,-92,-98
2723079000,2025-03-31,대구광역시,북구,노원동,11148,5776,5372,11179,5787,5392,31,11,20
2723080000,2025-03-31,대구광역시,북구,국우동,30114,14874,15240,29968,14814,15154,-146,-60,-86
2726051000,2025-03-31,대구광역시,수성구,범어1동,21259,10178,11081,21251,10162,11089,-8,-16,8
2726052000,2025-03-31,대구광역시,수성구,범어2동,14283,6811,7472,14238,6797,7441,-45,-14,-31
2726053000,2025-03-31,대구광역시,수성구,범어3동,17343,8294,9049,17330,8281,9049,-13,-13,0
2726054000,2025-03-31,대구광역시,수성구,범어4동,18923,9299,9624,18844,9264,9580,-79,-35,-44
2726055000,2025-03-31,대구광역시,수성구,만촌1동,20620,10008,10612,20648,10038,10610,28,30,-2
2726056000,2025-03-31,대구광역시,수성구,만촌2동,12527,6269,6258,12688,6340,6348,161,71,90
2726056100,2025-03-31,대구광역시,수성구,만촌3동,21293,11094,10199,21255,11070,10185,-38,-24,-14
2726057000,2025-03-31,대구광역시,수성구,수성1가동,17094,7713,9381,17098,7696,9402,4,-17,21
2726058000,2025-03-31,대구광역시,수성구,수성2.3가동,10386,5037,5349,10376,5036,5340,-10,-1,-9
2726059000,2025-03-31,대구광역시,수성구,수성4가동,13289,6126,7163,13259,6116,7143,-30,-10,-20
2726060100,2025-03-31,대구광역시,수성구,황금1동,21872,10481,11391,21798,10436,11362,-74,-45,-29
2726060200,2025-03-31,대구광역시,수성구,황금2동,11248,5317,5931,11249,5311,5938,1,-6,7
2726061000,2025-03-31,대구광역시,수성구,중동,14485,7138,7347,14483,7120,7363,-2,-18,16
2726062000,2025-03-31,대구광역시,수성구,상동,14345,6944,7401,14314,6938,7376,-31,-6,-25
2726063000,2025-03-31,대구광역시,수성구,파동,15409,7358,8051,15534,7402,8132,125,44,81
2726064000,2025-03-31,대구광역시,수성구,두산동,14823,7182,7641,14851,7206,7645,28,24,4
2726065100,2025-03-31,대구광역시,수성구,지산1동,19143,9081,10062,19088,9053,10035,-55,-28,-27
2726065200,2025-03-31,대구광역시,수성구,지산2동,18656,8680,9976,18571,8643,9928,-85,-37,-48
2726066100,2025-03-31,대구광역시,수성구,범물1동,10014,4497,5517,10005,4489,5516,-9,-8,-1
2726066200,2025-03-31,대구광역시,수성구,범물2동,15777,7573,8204,15757,7558,8199,-20,-15,-5
2726067000,2025-03-31,대구광역시,수성구,고산1동,31328,15097,16231,31348,15087,16261,20,-10,30
2726068000,2025-03-31,대구광역시,수성구,고산2동,26144,12851,13293,26043,12799,13244,-101,-52,-49
2726069000,2025-03-31,대구광역시,수성구,고산3동,29998,14341,15657,29961,14324,15637,-37,-17,-20
2729051500,2025-03-31,대구광역시,달서구,성당동,20872,10109,10763,20771,10053,10718,-101,-56,-45
2729053500,2025-03-31,대구광역시,달서구,두류1.2동,14991,7341,7650,15280,7498,7782,289,157,132
2729055000,2025-03-31,대구광역시,달서구,두류3동,8814,4252,4562,8836,4262,4574,22,10,12
2729055500,2025-03-31,대구광역시,달서구,감삼동,30617,14935,15682,30656,14980,15676,39,45,-6
2729056300,2025-03-31,대구광역시,달서구,죽전동,14421,7095,7326,14451,7106,7345,30,11,19
2729056800,2025-03-31,대구광역시,달서구,장기동,15636,7619,8017,15586,7599,7987,-50,-20,-30
2729057100,2025-03-31,대구광역시,달서구,용산1동,28736,14365,14371,28664,14305,14359,-72,-60,-12
2729057200,2025-03-31,대구광역시,달서구,용산2동,25493,12723,12770,25452,12702,12750,-41,-21,-20
2729057600,2025-03-31,대구광역시,달서구,이곡1동,20342,10148,10194,20263,10109,10154,-79,-39,-40
2729057700,2025-03-31,대구광역시,달서구,이곡2동,14594,7368,7226,14538,7346,7192,-56,-22,-34
2729058500,2025-03-31,대구광역시,달서구,신당동,28727,14503,14224,28647,14462,14185,-80,-41,-39
2729059000,2025-03-31,대구광역시,달서구,본리동,22540,11070,11470,22482,11050,11432,-58,-20,-38
2729060100,2025-03-31,대구광역시,달서구,월성1동,39968,19534,20434,39875,19491,20384,-93,-43,-50
2729060200,2025-03-31,대구광역시,달서구,월성2동,13934,6567,7367,13898,6546,7352,-36,-21,-15
2729061500,2025-03-31,대구광역시,달서구,진천동,49842,24342,25500,49859,24332,25527,17,-10,27
2729061700,2025-03-31,대구광역시,달서구,유천동,33114,16353,16761,33112,16342,16770,-2,-11,9
2729062400,2025-03-31,대구광역시,달서구,상인1동,32894,15876,17018,32853,15851,17002,-41,-25,-16
2729062500,2025-03-31,대구광역시,달서구,상인2동,17414,8549,8865,17357,8526,8831,-57,-23,-34
2729062600,2025-03-31,대구광역시,달서구,상인3동,9863,4679,5184,9840,4659,5181,-23,-20,-3
2729062800,2025-03-31,대구광역시,달서구,도원동,31975,15260,16715,31919,15227,16692,-56,-33,-23
2729063000,2025-03-31,대구광역시,달서구,송현1동,16513,8244,8269,16487,8230,8257,-26,-14,-12
2729064000,2025-03-31,대구광역시,달서구,송현2동,18249,8687,9562,18208,8663,9545,-41,-24,-17
2729065000,2025-03-31,대구광역시,달서구,본동,11741,5793,5948,11739,5782,5957,-2,-11,9
2771025000,2025-03-31,대구광역시,달성군,화원읍,46198,22839,23359,46168,22817,23351,-30,-22,-8
2771025300,2025-03-31,대구광역시,달성군,논공읍,4309,2350,1959,4294,2341,1953,-15,-9,-6
2771025400,2025-03-31,대구광역시,달성군,논공읍공단출장소,11168,5968,5200,11140,5960,5180,-28,-8,-20
2771025600,2025-03-31,대구광역시,달성군,다사읍,52003,25636,26367,51908,25582,26326,-95,-54,-41
2771025700,2025-03-31,대구광역시,달성군,다사읍서재출장소,38245,19389,18856,38258,19398,18860,13,9,4
2771025900,2025-03-31,대구광역시,달성군,유가읍,31071,15768,15303,31099,15783,15316,28,15,13
2771026200,2025-03-31,대구광역시,달성군,옥포읍,22966,11569,11397,22936,11558,11378,-30,-11,-19
2771026500,2025-03-31,대구광역시,달성군,현풍읍,21665,11431,10234,21593,11366,10227,-72,-65,-7
2771031000,2025-03-31,대구광역시,달성군,가창면,7014,3472,3542,6987,3460,3527,-27,-12,-15
2771033000,2025-03-31,대구광역시,달성군,하빈면,3268,1776,1492,3262,1773,1489,-6,-3,-3
2771038000,2025-03-31,대구광역시,달성군,구지면,18945,9990,8955,18914,9975,8939,-31,-15,-16
2772025000,2025-03-31,대구광역시,군위군,군위읍,7812,4042,3770,7800,4040,3760,-12,-2,-10
2772031000,2025-03-31,대구광역시,군위군,소보면,2264,1201,1063,2267,1204,1063,3,3,0
2772032000,2025-03-31,대구광역시,군위군,효령면,3621,1886,1735,3629,1891,1738,8,5,3
2772033000,2025-03-31,대구광역시,군위군,부계면,2055,1071,984,2053,1074,979,-2,3,-5
2772034000,2025-03-31,대구광역시,군위군,우보면,1941,993,948,1944,995,949,3,2,1
2772035000,2025-03-31,대구광역시,군위군,의흥면,2248,1102,1146,2251,1101,1150,3,-1,4
2772036000,2025-03-31,대구광역시,군위군,산성면,1190,611,579,1199,615,584,9,4,5
2772037000,2025-03-31,대구광역시,군위군,삼국유사면,1299,696,603,1301,698,603,2,2,0
2811052000,2025-03-31,인천광역시,중구,연안동,5057,2733,2324,5040,2723,2317,-17,-10,-7
2811053000,2025-03-31,인천광역시,중구,신포동,4494,2284,2210,4471,2273,2198,-23,-11,-12
2811054000,2025-03-31,인천광역시,중구,신흥동,14049,7116,6933,14013,7098,6915,-36,-18,-18
2811056000,2025-03-31,인천광역시,중구,도원동,3547,1827,1720,3517,1807,1710,-30,-20,-10
2811057000,2025-03-31,인천광역시,중구,율목동,2900,1500,1400,2895,1505,1390,-5,5,-10
2811058500,2025-03-31,인천광역시,중구,동인천동,5236,2793,2443,5239,2797,2442,3,4,-1
2811061500,2025-03-31,인천광역시,중구,개항동,6666,3406,3260,6648,3394,3254,-18,-12,-6
2811062000,2025-03-31,인천광역시,중구,영종동,25261,13813,11448,25737,14067,11670,476,254,222
2811062200,2025-03-31,인천광역시,중구,영종1동,34524,17188,17336,34871,17362,17509,347,174,173
2811062300,2025-03-31,인천광역시,중구,영종2동,26428,13209,13219,26850,13462,13388,422,253,169
2811062800,2025-03-31,인천광역시,중구,운서동,38952,20496,18456,38861,20455,18406,-91,-41,-50
2811063000,2025-03-31,인천광역시,중구,용유동,3500,1956,1544,3493,1948,1545,-7,-8,1
2814051000,2025-03-31,인천광역시,동구,만석동,6218,3203,3015,6197,3194,3003,-21,-9,-12
2814052500,2025-03-31,인천광역시,동구,화수1.화평동,5375,2721,2654,5356,2711,2645,-19,-10,-9
2814053000,2025-03-31,인천광역시,동구,화수2동,6818,3354,3464,6804,3341,3463,-14,-13,-1
2814055500,2025-03-31,인천광역시,동구,송현1.2동,9636,4746,4890,9618,4737,4881,-18,-9,-9
2814057000,2025-03-31,인천광역시,동구,송현3동,2726,1423,1303,2704,1412,1292,-22,-11,-11
2814058000,2025-03-31,인천광역시,동구,송림1동,6611,3211,3400,6575,3185,3390,-36,-26,-10
2814059000,2025-03-31,인천광역시,동구,송림2동,1204,628,576,1188,617,571,-16,-11,-5
2814060500,2025-03-31,인천광역시,동구,송림3.5동,5492,2744,2748,5470,2732,2738,-22,-12,-10
2814061000,2025-03-31,인천광역시,동구,송림4동,5980,3080,2900,6007,3087,2920,27,7,20
2814063000,2025-03-31,인천광역시,동구,송림6동,5626,2824,2802,5611,2817,2794,-15,-7,-8
2814064000,2025-03-31,인천광역시,동구,금창동,2207,1095,1112,2208,1096,1112,1,1,0
2817751000,2025-03-31,인천광역시,미추홀구,숭의2동,13436,6757,6679,13453,6776,6677,17,19,-2
2817752000,2025-03-31,인천광역시,미추홀구,숭의1.3동,16144,7987,8157,16618,8240,8378,474,253,221
2817753000,2025-03-31,인천광역시,미추홀구,숭의4동,14305,7190,7115,14252,7159,7093,-53,-31,-22
2817754000,2025-03-31,인천광역시,미추홀구,용현1.4동,17165,9467,7698,17278,9544,7734,113,77,36
2817755000,2025-03-31,인천광역시,미추홀구,용현2동,22649,11312,11337,22609,11281,11328,-40,-31,-9
2817756000,2025-03-31,인천광역시,미추홀구,용현3동,6836,3621,3215,6784,3592,3192,-52,-29,-23
2817757000,2025-03-31,인천광역시,미추홀구,용현5동,44737,22205,22532,44666,22177,22489,-71,-28,-43
2817758000,2025-03-31,인천광역시,미추홀구,학익1동,38782,19250,19532,39832,19768,20064,1050,518,532
2817759000,2025-03-31,인천광역시,미추홀구,학익2동,16983,8213,8770,16939,8189,8750,-44,-24,-20
2817760000,2025-03-31,인천광역시,미추홀구,도화1동,20682,10317,10365,20607,10274,10333,-75,-43,-32
2817761000,2025-03-31,인천광역시,미추홀구,도화2.3동,30600,15530,15070,30642,15542,15100,42,12,30
2817762000,2025-03-31,인천광역시,미추홀구,주안1동,19637,10488,9149,19616,10477,9139,-21,-11,-10
2817763000,2025-03-31,인천광역시,미추홀구,주안2동,21841,10897,10944,21788,10879,10909,-53,-18,-35
2817764000,2025-03-31,인천광역시,미추홀구,주안3동,12160,6117,6043,12114,6094,6020,-46,-23,-23
2817765000,2025-03-31,인천광역시,미추홀구,주안4동,19841,9794,10047,19851,9792,10059,10,-2,12
2817766000,2025-03-31,인천광역시,미추홀구,주안5동,19500,9747,9753,19494,9766,9728,-6,19,-25
2817767000,2025-03-31,인천광역시,미추홀구,주안6동,20541,10202,10339,20513,10189,10324,-28,-13,-15
2817768000,2025-03-31,인천광역시,미추홀구,주안7동,12185,5904,6281,12179,5900,6279,-6,-4,-2
2817769000,2025-03-31,인천광역시,미추홀구,주안8동,18820,9191,9629,18802,9181,9621,-18,-10,-8
2817770000,2025-03-31,인천광역시,미추홀구,관교동,13845,6797,7048,13793,6767,7026,-52,-30,-22
2817771000,2025-03-31,인천광역시,미추홀구,문학동,13738,7532,6206,13784,7548,6236,46,16,30
2818563000,2025-03-31,인천광역시,연수구,옥련1동,17112,8416,8696,17062,8394,8668,-50,-22,-28
2818564000,2025-03-31,인천광역시,연수구,옥련2동,19157,9420,9737,19111,9390,9721,-46,-30,-16
2818575000,2025-03-31,인천광역시,연수구,선학동,17716,9150,8566,17682,9128,8554,-34,-22,-12
2818576100,2025-03-31,인천광역시,연수구,연수1동,16607,9100,7507,16598,9074,7524,-9,-26,17
2818576200,2025-03-31,인천광역시,연수구,연수2동,19305,9469,9836,19258,9449,9809,-47,-20,-27
2818576300,2025-03-31,인천광역시,연수구,연수3동,14607,6937,7670,14574,6931,7643,-33,-6,-27
2818576600,2025-03-31,인천광역시,연수구,청학동,22252,11606,10646,22212,11576,10636,-40,-30,-10
2818578000,2025-03-31,인천광역시,연수구,동춘1동,25644,12484,13160,25633,12476,13157,-11,-8,-3
2818579000,2025-03-31,인천광역시,연수구,동춘2동,16810,8159,8651,16755,8138,8617,-55,-21,-34
2818579500,2025-03-31,인천광역시,연수구,동춘3동,17616,8557,9059,17557,8530,9027,-59,-27,-32
2818582000,2025-03-31,인천광역시,연수구,송도1동,37029,18083,18946,37626,18426,19200,597,343,254
2818583000,2025-03-31,인천광역시,연수구,송도2동,37333,18263,19070,37251,18225,19026,-82,-38,-44
2818584000,2025-03-31,인천광역시,연수구,송도3동,48385,23592,24793,48300,23558,24742,-85,-34,-51
2818585000,2025-03-31,인천광역시,연수구,송도4동,45009,22126,22883,46398,22841,23557,1389,715,674
2818586000,2025-03-31,인천광역시,연수구,송도5동,46263,22951,23312,46135,22904,23231,-128,-47,-81
2820051000,2025-03-31,인천광역시,남동구,구월1동,30631,14897,15734,30580,14871,15709,-51,-26,-25
2820052000,2025-03-31,인천광역시,남동구,구월2동,36757,17978,18779,36696,17964,18732,-61,-14,-47
2820052100,2025-03-31,인천광역시,남동구,구월3동,28066,14221,13845,28004,14178,13826,-62,-43,-19
2820052200,2025-03-31,인천광역시,남동구,구월4동,13028,6627,6401,13018,6630,6388,-10,3,-13
2820053000,2025-03-31,인천광역시,남동구,간석1동,17706,8742,8964,17688,8722,8966,-18,-20,2
2820054000,2025-03-31,인천광역시,남동구,간석2동,20506,10251,10255,20474,10229,10245,-32,-22,-10
2820055000,2025-03-31,인천광역시,남동구,간석3동,25192,12632,12560,25132,12613,12519,-60,-19,-41
2820055100,2025-03-31,인천광역시,남동구,간석4동,27681,13764,13917,27654,13772,13882,-27,8,-35
2820056000,2025-03-31,인천광역시,남동구,만수1동,15375,7491,7884,15354,7476,7878,-21,-15,-6
2820057000,2025-03-31,인천광역시,남동구,만수2동,22331,10905,11426,22281,10888,11393,-50,-17,-33
2820058000,2025-03-31,인천광역시,남동구,만수3동,15969,8031,7938,15949,8025,7924,-20,-6,-14
2820058100,2025-03-31,인천광역시,남동구,만수4동,18486,8909,9577,18438,8871,9567,-48,-38,-10
2820058200,2025-03-31,인천광역시,남동구,만수5동,14155,7048,7107,14147,7032,7115,-8,-16,8
2820058300,2025-03-31,인천광역시,남동구,만수6동,22140,10685,11455,22093,10659,11434,-47,-26,-21
2820065000,2025-03-31,인천광역시,남동구,장수서창동,18464,9218,9246,18462,9216,9246,-2,-2,0
2820065500,2025-03-31,인천광역시,남동구,서창2동,37508,18580,18928,37489,18571,18918,-19,-9,-10
2820066000,2025-03-31,인천광역시,남동구,남촌도림동,19118,9782,9336,19104,9768,9336,-14,-14,0
2820069000,2025-03-31,인천광역시,남동구,논현1동,31146,15622,15524,31167,15637,15530,21,15,6
2820070000,2025-03-31,인천광역시,남동구,논현2동,30798,15538,15260,30755,15495,15260,-43,-43,0
2820071000,2025-03-31,인천광역시,남동구,논현고잔동,39296,19418,19878,39344,19433,19911,48,15,33
2823751000,2025-03-31,인천광역시,부평구,부평1동,34762,16673,18089,34652,16633,18019,-110,-40,-70
2823752000,2025-03-31,인천광역시,부평구,부평2동,15782,7811,7971,16052,7937,8115,270,126,144
2823753000,2025-03-31,인천광역시,부평구,부평3동,14851,7356,7495,14839,7345,7494,-12,-11,-1
2823754000,2025-03-31,인천광역시,부평구,부평4동,33418,16508,16910,33362,16485,16877,-56,-23,-33
2823755000,2025-03-31,인천광역시,부평구,부평5동,33041,16206,16835,33007,16175,16832,-34,-31,-3
2823756000,2025-03-31,인천광역시,부평구,부평6동,17901,8795,9106,18257,8997,9260,356,202,154
2823757000,2025-03-31,인천광역시,부평구,산곡1동,14693,7235,7458,14648,7221,7427,-45,-14,-31
2823758000,2025-03-31,인천광역시,부평구,산곡2동,29014,14230,14784,28946,14177,14769,-68,-53,-15
2823758100,2025-03-31,인천광역시,부평구,산곡3동,19955,9631,10324,19913,9604,10309,-42,-27,-15
2823758200,2025-03-31,인천광역시,부평구,산곡4동,16414,7812,8602,16410,7807,8603,-4,-5,1
2823759100,2025-03-31,인천광역시,부평구,청천1동,22616,11462,11154,22639,11466,11173,23,4,19
2823759200,2025-03-31,인천광역시,부평구,청천2동,32784,16350,16434,32749,16346,16403,-35,-4,-31
2823764100,2025-03-31,인천광역시,부평구,갈산1동,14267,7249,7018,14275,7256,7019,8,7,1
2823764200,2025-03-31,인천광역시,부평구,갈산2동,17292,8330,8962,17259,8322,8937,-33,-8,-25
2823764600,2025-03-31,인천광역시,부평구,삼산1동,31890,15591,16299,31803,15550,16253,-87,-41,-46
2823764800,2025-03-31,인천광역시,부평구,삼산2동,27188,13078,14110,27113,13045,14068,-75,-33,-42
2823765000,2025-03-31,인천광역시,부평구,부개1동,15080,7525,7555,15034,7506,7528,-46,-19,-27
2823766000,2025-03-31,인천광역시,부평구,부개2동,18841,9142,9699,18867,9164,9703,26,22,4
2823766100,2025-03-31,인천광역시,부평구,부개3동,27861,13282,14579,27795,13231,14564,-66,-51,-15
2823767000,2025-03-31,인천광역시,부평구,일신동,11484,5776,5708,11471,5773,5698,-13,-3,-10
2823768000,2025-03-31,인천광역시,부평구,십정1동,23908,11905,12003,23826,11863,11963,-82,-42,-40
2823769000,2025-03-31,인천광역시,부평구,십정2동,20679,10720,9959,20717,10753,9964,38,33,5
2824560100,2025-03-31,인천광역시,계양구,효성1동,26212,13081,13131,26205,13076,13129,-7,-5,-2
2824560200,2025-03-31,인천광역시,계양구,효성2동,26442,13296,13146,26390,13284,13106,-52,-12,-40
2824561100,2025-03-31,인천광역시,계양구,계산1동,17453,9181,8272,17465,9192,8273,12,11,1
2824561200,2025-03-31,인천광역시,계양구,계산2동,14151,7020,7131,14086,6985,7101,-65,-35,-30
2824561300,2025-03-31,인천광역시,계양구,계산3동,17364,8268,9096,17309,8233,9076,-55,-35,-20
2824561400,2025-03-31,인천광역시,계양구,계산4동,22265,11238,11027,22249,11223,11026,-16,-15,-1
2824562100,2025-03-31,인천광역시,계양구,작전1동,25752,12697,13055,25723,12678,13045,-29,-19,-10
2824562200,2025-03-31,인천광역시,계양구,작전2동,23663,11609,12054,23606,11588,12018,-57,-21,-36
2824564000,2025-03-31,인천광역시,계양구,작전서운동,32383,16071,16312,32313,16023,16290,-70,-48,-22
2824571000,2025-03-31,인천광역시,계양구,계양1동,18782,9270,9512,18750,9266,9484,-32,-4,-28
2824572000,2025-03-31,인천광역시,계양구,계양2동,31177,15444,15733,31107,15422,15685,-70,-22,-48
2824573000,2025-03-31,인천광역시,계양구,계양3동,23340,11505,11835,23310,11498,11812,-30,-7,-23
2826051500,2025-03-31,인천광역시,서구,검암경서동,54068,27627,26441,54058,27636,26422,-10,9,-19
2826053000,2025-03-31,인천광역시,서구,연희동,36873,18768,18105,36868,18760,18108,-5,-8,3
2826053600,2025-03-31,인천광역시,서구,청라1동,30472,15097,15375,30449,15099,15350,-23,2,-25
2826053700,2025-03-31,인천광역시,서구,청라2동,47932,23708,24224,47847,23658,24189,-85,-50,-35
2826053900,2025-03-31,인천광역시,서구,청라3동,36111,17969,18142,36077,17962,18115,-34,-7,-27
2826054200,2025-03-31,인천광역시,서구,가정1동,41560,20574,20986,41580,20577,21003,20,3,17
2826054300,2025-03-31,인천광역시,서구,가정2동,17114,8711,8403,17043,8679,8364,-71,-32,-39
2826054400,2025-03-31,인천광역시,서구,가정3동,8509,4243,4266,8480,4227,4253,-29,-16,-13
2826055000,2025-03-31,인천광역시,서구,석남1동,19932,10269,9663,19920,10264,9656,-12,-5,-7
2826056000,2025-03-31,인천광역시,서구,석남2동,11783,6051,5732,11789,6060,5729,6,9,-3
2826056100,2025-03-31,인천광역시,서구,석남3동,13061,6554,6507,13085,6557,6528,24,3,21
2826057500,2025-03-31,인천광역시,서구,신현원창동,29105,14554,14551,29027,14517,14510,-78,-37,-41
2826058000,2025-03-31,인천광역시,서구,가좌1동,12589,6721,5868,12553,6708,5845,-36,-13,-23
2826059000,2025-03-31,인천광역시,서구,가좌2동,18274,8927,9347,18275,8924,9351,1,-3,4
2826060000,2025-03-31,인천광역시,서구,가좌3동,15063,7712,7351,15039,7707,7332,-24,-5,-19
2826061000,2025-03-31,인천광역시,서구,가좌4동,12036,6154,5882,12053,6173,5880,17,19,-2
2826068000,2025-03-31,인천광역시,서구,검단동,32405,16903,15502,32373,16900,15473,-32,-3,-29
2826069000,2025-03-31,인천광역시,서구,불로대곡동,29991,15114,14877,31498,15861,15637,1507,747,760
2826070000,2025-03-31,인천광역시,서구,원당동,24543,12456,12087,24520,12442,12078,-23,-14,-9
2826071000,2025-03-31,인천광역시,서구,당하동,28518,14111,14407,28459,14086,14373,-59,-25,-34
2826072000,2025-03-31,인천광역시,서구,오류왕길동,24722,12531,12191,24818,12590,12228,96,59,37
2826073000,2025-03-31,인천광역시,서구,마전동,21273,10525,10748,21238,10505,10733,-35,-20,-15
2826074000,2025-03-31,인천광역시,서구,아라동,71797,35541,36256,71959,35606,36353,162,65,97
2871025000,2025-03-31,인천광역시,강화군,강화읍,21694,10605,11089,21620,10578,11042,-74,-27,-47
2871031000,2025-03-31,인천광역시,강화군,선원면,9334,4627,4707,9484,4699,4785,150,72,78
2871032000,2025-03-31,인천광역시,강화군,불은면,5029,2524,2505,5040,2534,2506,11,10,1
2871033000,2025-03-31,인천광역시,강화군,길상면,7193,3642,3551,7191,3646,3545,-2,4,-6
2871034000,2025-03-31,인천광역시,강화군,화도면,4545,2322,2223,4539,2326,2213,-6,4,-10
2871035000,2025-03-31,인천광역시,강화군,양도면,4226,2122,2104,4209,2115,2094,-17,-7,-10
2871036000,2025-03-31,인천광역시,강화군,내가면,2961,1452,1509,2955,1452,1503,-6,0,-6
2871037000,2025-03-31,인천광역시,강화군,하점면,3989,2032,1957,3961,2021,1940,-28,-11,-17
2871038000,2025-03-31,인천광역시,강화군,양사면,1921,978,943,1909,973,936,-12,-5,-7
2871039000,2025-03-31,인천광역시,강화군,송해면,3178,1587,1591,3171,1588,1583,-7,1,-8
2871040000,2025-03-31,인천광역시,강화군,교동면,2671,1380,1291,2660,1377,1283,-11,-3,-8
2871041000,2025-03-31,인천광역시,강화군,삼산면,2095,1110,985,2056,1092,964,-39,-18,-21
2871042000,2025-03-31,인천광역시,강화군,서도면,369,188,181,367,189,178,-2,1,-3
2871042500,2025-03-31,인천광역시,강화군,서도면볼음출장소,282,158,124,280,158,122,-2,0,-2
2872031000,2025-03-31,인천광역시,옹진군,북도면,1156,620,536,1166,627,539,10,7,3
2872031500,2025-03-31,인천광역시,옹진군,북도면장봉출장소,959,508,451,955,504,451,-4,-4,0
2872033000,2025-03-31,인천광역시,옹진군,백령면,4669,2718,1951,4673,2714,1959,4,-4,8
2872034000,2025-03-31,인천광역시,옹진군,대청면,1191,690,501,1174,680,494,-17,-10,-7
2872034500,2025-03-31,인천광역시,옹진군,대청면소청출장소,233,148,85,234,149,85,1,1,0
2872035000,2025-03-31,인천광역시,옹진군,덕적면,1900,1041,859,1902,1044,858,2,3,-1
2872036000,2025-03-31,인천광역시,옹진군,영흥면,6455,3586,2869,6465,3595,2870,10,9,1
2872037000,2025-03-31,인천광역시,옹진군,자월면,942,503,439,948,509,439,6,6,0
2872037500,2025-03-31,인천광역시,옹진군,자월면이작출장소,362,193,169,357,191,166,-5,-2,-3
2872038000,2025-03-31,인천광역시,옹진군,연평면,1932,1230,702,1922,1215,707,-10,-15,5
2911052500,2025-03-31,광주광역시,동구,충장동,5568,2709,2859,5565,2693,2872,-3,-16,13
2911054500,2025-03-31,광주광역시,동구,동명동,3484,1791,1693,3443,1777,1666,-41,-14,-27
2911056000,2025-03-31,광주광역시,동구,계림1동,9966,5230,4736,9952,5221,4731,-14,-9,-5
2911057000,2025-03-31,광주광역시,동구,계림2동,13344,6443,6901,13317,6428,6889,-27,-15,-12
2911059000,2025-03-31,광주광역시,동구,산수1동,7798,3897,3901,7779,3875,3904,-19,-22,3
2911060000,2025-03-31,광주광역시,동구,산수2동,9500,4601,4899,9479,4581,4898,-21,-20,-1
2911062000,2025-03-31,광주광역시,동구,지산1동,3970,2035,1935,3960,2033,1927,-10,-2,-8
2911063000,2025-03-31,광주광역시,동구,지산2동,4155,2139,2016,4126,2121,2005,-29,-18,-11
2911065500,2025-03-31,광주광역시,동구,서남동,3196,1650,1546,3173,1638,1535,-23,-12,-11
2911068500,2025-03-31,광주광역시,동구,학동,7073,3362,3711,7056,3358,3698,-17,-4,-13
2911071000,2025-03-31,광주광역시,동구,학운동,10660,4974,5686,10637,4969,5668,-23,-5,-18
2911073000,2025-03-31,광주광역시,동구,지원1동,8923,4328,4595,8924,4322,4602,1,-6,7
2911074000,2025-03-31,광주광역시,동구,지원2동,18150,8777,9373,18071,8728,9343,-79,-49,-30
2914057500,2025-03-31,광주광역시,서구,양동,2836,1382,1454,2795,1359,1436,-41,-23,-18
2914059000,2025-03-31,광주광역시,서구,양3동,4104,1996,2108,4103,2002,2101,-1,6,-7
2914065000,2025-03-31,광주광역시,서구,농성1동,11533,5653,5880,11531,5654,5877,-2,1,-3
2914066000,2025-03-31,광주광역시,서구,농성2동,4323,2239,2084,4318,2231,2087,-5,-8,3
2914073000,2025-03-31,광주광역시,서구,광천동,5327,2679,2648,5273,2656,2617,-54,-23,-31
2914074000,2025-03-31,광주광역시,서구,유덕동,10095,5188,4907,10100,5186,4914,5,-2,7
2914074500,2025-03-31,광주광역시,서구,치평동,29033,13772,15261,28994,13749,15245,-39,-23,-16
2914075100,2025-03-31,광주광역시,서구,상무1동,23783,11995,11788,23735,11979,11756,-48,-16,-32
2914075200,2025-03-31,광주광역시,서구,상무2동,22252,10857,11395,22208,10835,11373,-44,-22,-22
2914076000,2025-03-31,광주광역시,서구,화정1동,15390,7409,7981,15448,7433,8015,58,24,34
2914077000,2025-03-31,광주광역시,서구,화정2동,19347,9655,9692,19323,9631,9692,-24,-24,0
2914078000,2025-03-31,광주광역시,서구,화정3동,8835,4313,4522,8807,4302,4505,-28,-11,-17
2914079000,2025-03-31,광주광역시,서구,화정4동,19165,9212,9953,19147,9203,9944,-18,-9,-9
2914080000,2025-03-31,광주광역시,서구,서창동,7077,3644,3433,7086,3643,3443,9,-1,10
2914082100,2025-03-31,광주광역시,서구,금호1동,19063,9011,10052,18980,8976,10004,-83,-35,-48
2914082400,2025-03-31,광주광역시,서구,금호2동,26478,12947,13531,26441,12928,13513,-37,-19,-18
2914083000,2025-03-31,광주광역시,서구,풍암동,34005,16798,17207,33895,16739,17156,-110,-59,-51
2914084000,2025-03-31,광주광역시,서구,동천동,15201,7186,8015,15172,7175,7997,-29,-11,-18
2915551000,2025-03-31,광주광역시,남구,양림동,6384,2896,3488,6345,2878,3467,-39,-18,-21
2915552000,2025-03-31,광주광역시,남구,방림1동,6505,3082,3423,6520,3087,3433,15,5,10
2915553000,2025-03-31,광주광역시,남구,방림2동,9103,4282,4821,9094,4272,4822,-9,-10,1
2915553700,2025-03-31,광주광역시,남구,봉선1동,13347,6174,7173,13354,6169,7185,7,-5,12
2915553800,2025-03-31,광주광역시,남구,봉선2동,27612,12809,14803,27553,12780,14773,-59,-29,-30
2915554500,2025-03-31,광주광역시,남구,사직동,4483,2344,2139,4458,2338,2120,-25,-6,-19
2915560500,2025-03-31,광주광역시,남구,월산동,9386,4662,4724,9668,4813,4855,282,151,131
2915563000,2025-03-31,광주광역시,남구,월산4동,7776,3996,3780,7755,3979,3776,-21,-17,-4
2915564000,2025-03-31,광주광역시,남구,월산5동,5663,2810,2853,5635,2793,2842,-28,-17,-11
2915567000,2025-03-31,광주광역시,남구,백운1동,11395,5316,6079,11358,5299,6059,-37,-17,-20
2915568000,2025-03-31,광주광역시,남구,백운2동,6675,3331,3344,6647,3319,3328,-28,-12,-16
2915569000,2025-03-31,광주광역시,남구,주월1동,20556,9919,10637,20474,9867,10607,-82,-52,-30
2915570000,2025-03-31,광주광역시,남구,주월2동,7254,3578,3676,7241,3569,3672,-13,-9,-4
2915570500,2025-03-31,광주광역시,남구,진월동,27708,12846,14862,27625,12816,14809,-83,-30,-53
2915571000,2025-03-31,광주광역시,남구,효덕동,15054,7131,7923,15060,7135,7925,6,4,2
2915572000,2025-03-31,광주광역시,남구,송암동,20829,10163,10666,20720,10108,10612,-109,-55,-54
2915573000,2025-03-31,광주광역시,남구,대촌동,8724,4291,4433,8812,4340,4472,88,49,39
2917051000,2025-03-31,광주광역시,북구,중흥1동,4344,2248,2096,4340,2250,2090,-4,2,-6
2917053500,2025-03-31,광주광역시,북구,중흥동,15039,7763,7276,15012,7741,7271,-27,-22,-5
2917055500,2025-03-31,광주광역시,북구,중앙동,3626,1905,1721,3619,1903,1716,-7,-2,-5
2917057000,2025-03-31,광주광역시,북구,임동,13899,6809,7090,13910,6816,7094,11,7,4
2917058000,2025-03-31,광주광역시,북구,신안동,11904,6218,5686,11721,6118,5603,-183,-100,-83
2917059000,2025-03-31,광주광역시,북구,용봉동,36653,18251,18402,36556,18184,18372,-97,-67,-30
2917060100,2025-03-31,광주광역시,북구,운암1동,18206,8751,9455,18153,8714,9439,-53,-37,-16
2917060200,2025-03-31,광주광역시,북구,운암2동,10858,5460,5398,10814,5440,5374,-44,-20,-24
2917060300,2025-03-31,광주광역시,북구,운암3동,13191,6323,6868,13473,6466,7007,282,143,139
2917061500,2025-03-31,광주광역시,북구,동림동,22243,10857,11386,22172,10831,11341,-71,-26,-45
2917062000,2025-03-31,광주광역시,북구,우산동,15524,7565,7959,15433,7525,7908,-91,-40,-51
2917063500,2025-03-31,광주광역시,북구,풍향동,5085,2537,2548,5078,2532,2546,-7,-5,-2
2917065000,2025-03-31,광주광역시,북구,문화동,22889,11158,11731,22842,11143,11699,-47,-15,-32
2917065600,2025-03-31,광주광역시,북구,문흥1동,15159,7293,7866,15088,7265,7823,-71,-28,-43
2917065700,2025-03-31,광주광역시,북구,문흥2동,14321,6759,7562,14290,6755,7535,-31,-4,-27
2917066100,2025-03-31,광주광역시,북구,두암1동,6973,3464,3509,6951,3463,3488,-22,-1,-21
2917066200,2025-03-31,광주광역시,북구,두암2동,14465,7102,7363,14413,7080,7333,-52,-22,-30
2917066300,2025-03-31,광주광역시,북구,두암3동,11951,5699,6252,11892,5673,6219,-59,-26,-33
2917066600,2025-03-31,광주광역시,북구,삼각동,12994,6725,6269,12951,6707,6244,-43,-18,-25
2917066900,2025-03-31,광주광역시,북구,일곡동,27655,13450,14205,27555,13391,14164,-100,-59,-41
2917067300,2025-03-31,광주광역시,북구,매곡동,12985,6292,6693,12942,6270,6672,-43,-22,-21
2917067600,2025-03-31,광주광역시,북구,오치1동,9972,5041,4931,9950,5039,4911,-22,-2,-20
2917067700,2025-03-31,광주광역시,북구,오치2동,11287,5498,5789,11262,5490,5772,-25,-8,-17
2917068500,2025-03-31,광주광역시,북구,석곡동,2228,1142,1086,2223,1141,1082,-5,-1,-4
2917069500,2025-03-31,광주광역시,북구,건국동,22500,11319,11181,22452,11297,11155,-48,-22,-26
2917069600,2025-03-31,광주광역시,북구,양산동,35088,17555,17533,35072,17548,17524,-16,-7,-9
2917069700,2025-03-31,광주광역시,북구,신용동,31760,15757,16003,31707,15723,15984,-53,-34,-19
2920051500,2025-03-31,광주광역시,광산구,송정1동,10014,5109,4905,9989,5101,4888,-25,-8,-17
2920052500,2025-03-31,광주광역시,광산구,송정2동,5975,2987,2988,5984,2999,2985,9,12,-3
2920054000,2025-03-31,광주광역시,광산구,도산동,14202,7201,7001,14129,7150,6979,-73,-51,-22
2920055000,2025-03-31,광주광역시,광산구,신흥동,4132,2058,2074,4117,2055,2062,-15,-3,-12
2920056500,2025-03-31,광주광역시,광산구,어룡동,33373,17177,16196,33336,17131,16205,-37,-46,9
2920058000,2025-03-31,광주광역시,광산구,우산동,28279,14411,13868,28235,14389,13846,-44,-22,-22
2920060000,2025-03-31,광주광역시,광산구,월곡1동,9507,4815,4692,9486,4797,4689,-21,-18,-3
2920061000,2025-03-31,광주광역시,광산구,월곡2동,14380,7214,7166,14359,7202,7157,-21,-12,-9
2920062000,2025-03-31,광주광역시,광산구,비아동,7172,3767,3405,7141,3753,3388,-31,-14,-17
2920062400,2025-03-31,광주광역시,광산구,첨단1동,27755,13794,13961,27668,13739,13929,-87,-55,-32
2920062600,2025-03-31,광주광역시,광산구,첨단2동,41047,20790,20257,40943,20767,20176,-104,-23,-81
2920063000,2025-03-31,광주광역시,광산구,신가동,18776,9502,9274,18764,9495,9269,-12,-7,-5
2920063500,2025-03-31,광주광역시,광산구,운남동,28698,14026,14672,28631,14005,14626,-67,-21,-46
2920063700,2025-03-31,광주광역시,광산구,수완동,73955,36366,37589,73732,36283,37449,-223,-83,-140
2920064000,2025-03-31,광주광역시,광산구,하남동,26999,13993,13006,26955,13987,12968,-44,-6,-38
2920065000,2025-03-31,광주광역시,광산구,임곡동,1897,1004,893,1903,1005,898,6,1,5
2920066000,2025-03-31,광주광역시,광산구,동곡동,1629,850,779,1620,847,773,-9,-3,-6
2920067000,2025-03-31,광주광역시,광산구,평동,5032,2791,2241,5023,2785,2238,-9,-6,-3
2920068000,2025-03-31,광주광역시,광산구,삼도동,2115,1115,1000,2108,1111,997,-7,-4,-3
2920069000,2025-03-31,광주광역시,광산구,본량동,1809,913,896,1808,916,892,-1,3,-4
2920070000,2025-03-31,광주광역시,광산구,신창동,33593,17226,16367,33519,17184,16335,-74,-42,-32
3011051500,2025-03-31,대전광역시,동구,중앙동,3582,2021,1561,3563,2011,1552,-19,-10,-9
3011053000,2025-03-31,대전광역시,동구,효동,28559,14052,14507,28911,14224,14687,352,172,180
3011054500,2025-03-31,대전광역시,동구,신인동,14544,7095,7449,14501,7068,7433,-43,-27,-16
3011055100,2025-03-31,대전광역시,동구,판암1동,11766,5650,6116,11720,5646,6074,-46,-4,-42
3011055200,2025-03-31,대전광역시,동구,판암2동,7784,3779,4005,7782,3782,4000,-2,3,-5
3011056000,2025-03-31,대전광역시,동구,용운동,20805,10522,10283,20775,10525,10250,-30,3,-33
3011058500,2025-03-31,대전광역시,동구,대동,13539,6760,6779,13470,6718,6752,-69,-42,-27
3011059000,2025-03-31,대전광역시,동구,자양동,10872,5802,5070,10842,5780,5062,-30,-22,-8
3011062000,2025-03-31,대전광역시,동구,가양1동,12841,6682,6159,12830,6675,6155,-11,-7,-4
3011063000,2025-03-31,대전광역시,동구,가양2동,18343,9202,9141,18267,9185,9082,-76,-17,-59
3011064000,2025-03-31,대전광역시,동구,용전동,19851,10202,9649,19783,10175,9608,-68,-27,-41
3011066500,2025-03-31,대전광역시,동구,성남동,10629,5239,5390,10596,5223,5373,-33,-16,-17
3011067000,2025-03-31,대전광역시,동구,홍도동,11065,5674,5391,11073,5683,5390,8,9,-1
3011069500,2025-03-31,대전광역시,동구,삼성동,13325,6743,6582,13254,6711,6543,-71,-32,-39
3011072500,2025-03-31,대전광역시,동구,대청동,2130,1117,1013,2123,1113,1010,-7,-4,-3
3011074000,2025-03-31,대전광역시,동구,산내동,21127,10637,10490,21090,10603,10487,-37,-34,-3
3014053500,2025-03-31,대전광역시,중구,은행선화동,19521,9868,9653,19492,9858,9634,-29,-10,-19
3014055000,2025-03-31,대전광역시,중구,목동,17593,8377,9216,17532,8358,9174,-61,-19,-42
3014056000,2025-03-31,대전광역시,중구,중촌동,13367,6474,6893,13765,6679,7086,398,205,193
3014057500,2025-03-31,대전광역시,중구,대흥동,12712,6265,6447,12670,6255,6415,-42,-10,-32
3014060500,2025-03-31,대전광역시,중구,문창동,4138,2120,2018,4151,2129,2022,13,9,4
3014062000,2025-03-31,대전광역시,중구,석교동,14022,7095,6927,13961,7061,6900,-61,-34,-27
3014063000,2025-03-31,대전광역시,중구,대사동,5204,2538,2666,5185,2517,2668,-19,-21,2
3014064000,2025-03-31,대전광역시,중구,부사동,6064,3059,3005,6055,3060,2995,-9,1,-10
3014065500,2025-03-31,대전광역시,중구,용두동,9904,4821,5083,9827,4786,5041,-77,-35,-42
3014067000,2025-03-31,대전광역시,중구,오류동,9969,4662,5307,9927,4638,5289,-42,-24,-18
3014068000,2025-03-31,대전광역시,중구,태평1동,12354,5914,6440,12314,5890,6424,-40,-24,-16
3014069000,2025-03-31,대전광역시,중구,태평2동,23863,11358,12505,23761,11315,12446,-102,-43,-59
3014070000,2025-03-31,대전광역시,중구,유천1동,5767,2954,2813,5741,2951,2790,-26,-3,-23
3014071000,2025-03-31,대전광역시,중구,유천2동,12796,6288,6508,12691,6243,6448,-105,-45,-60
3014072000,2025-03-31,대전광역시,중구,문화1동,20461,9890,10571,20302,9798,10504,-159,-92,-67
3014073000,2025-03-31,대전광역시,중구,문화2동,11274,5407,5867,11230,5381,5849,-44,-26,-18
3014074000,2025-03-31,대전광역시,중구,산성동,25107,12747,12360,25006,12686,12320,-101,-61,-40
3017051000,2025-03-31,대전광역시,서구,복수동,21236,10519,10717,21148,10477,10671,-88,-42,-46
3017052000,2025-03-31,대전광역시,서구,도마1동,18434,9293,9141,18317,9226,9091,-117,-67,-50
3017053000,2025-03-31,대전광역시,서구,도마2동,17959,8941,9018,18768,9344,9424,809,403,406
3017053500,2025-03-31,대전광역시,서구,정림동,14915,7223,7692,14826,7176,7650,-89,-47,-42
3017054000,2025-03-31,대전광역시,서구,변동,12658,6404,6254,12574,6368,6206,-84,-36,-48
3017055000,2025-03-31,대전광역시,서구,용문동,12530,5978,6552,15110,7279,7831,2580,1301,1279
3017055500,2025-03-31,대전광역시,서구,탄방동,26285,12618,13667,26093,12510,13583,-192,-108,-84
3017056000,2025-03-31,대전광역시,서구,괴정동,18413,8967,9446,18331,8911,9420,-82,-56,-26
3017057000,2025-03-31,대전광역시,서구,가장동,10629,5111,5518,10554,5069,5485,-75,-42,-33
3017057500,2025-03-31,대전광역시,서구,내동,22191,10629,11562,22111,10586,11525,-80,-43,-37
3017058100,2025-03-31,대전광역시,서구,갈마1동,20954,10611,10343,20874,10559,10315,-80,-52,-28
3017058200,2025-03-31,대전광역시,서구,갈마2동,23614,11858,11756,23500,11794,11706,-114,-64,-50
3017058600,2025-03-31,대전광역시,서구,월평1동,11144,6077,5067,11098,6051,5047,-46,-26,-20
3017058700,2025-03-31,대전광역시,서구,월평2동,13336,6313,7023,13336,6316,7020,0,3,-3
3017058800,2025-03-31,대전광역시,서구,월평3동,20039,9754,10285,19964,9722,10242,-75,-32,-43
3017059000,2025-03-31,대전광역시,서구,가수원동,10151,4970,5181,10166,4976,5190,15,6,9
3017059300,2025-03-31,대전광역시,서구,도안동,36542,17874,18668,36449,17845,18604,-93,-29,-64
3017059600,2025-03-31,대전광역시,서구,관저1동,14616,6792,7824,14578,6770,7808,-38,-22,-16
3017059700,2025-03-31,대전광역시,서구,관저2동,47650,23139,24511,47529,23082,24447,-121,-57,-64
3017060000,2025-03-31,대전광역시,서구,기성동,3383,1739,1644,3363,1730,1633,-20,-9,-11
3017063000,2025-03-31,대전광역시,서구,둔산1동,16383,8100,8283,16336,8080,8256,-47,-20,-27
3017064000,2025-03-31,대전광역시,서구,둔산2동,34825,16686,18139,34592,16586,18006,-233,-100,-133
3017065000,2025-03-31,대전광역시,서구,만년동,12066,6143,5923,12013,6117,5896,-53,-26,-27
3017066000,2025-03-31,대전광역시,서구,둔산3동,18799,9020,9779,18767,8994,9773,-32,-26,-6
3020052000,2025-03-31,대전광역시,유성구,진잠동,25361,12895,12466,25344,12881,12463,-17,-14,-3
3020052600,2025-03-31,대전광역시,유성구,학하동,19665,10216,9449,19603,10189,9414,-62,-27,-35
3020052700,2025-03-31,대전광역시,유성구,상대동,25169,12234,12935,25088,12215,12873,-81,-19,-62
3020053000,2025-03-31,대전광역시,유성구,온천1동,26692,13893,12799,26703,13910,12793,11,17,-6
3020054000,2025-03-31,대전광역시,유성구,온천2동,40465,21316,19149,40436,21302,19134,-29,-14,-15
3020054600,2025-03-31,대전광역시,유성구,노은1동,20824,10376,10448,20777,10344,10433,-47,-32,-15
3020054700,2025-03-31,대전광역시,유성구,노은2동,23344,11436,11908,23301,11430,11871,-43,-6,-37
3020054800,2025-03-31,대전광역시,유성구,노은3동,36121,17647,18474,36009,17576,18433,-112,-71,-41
3020055000,2025-03-31,대전광역시,유성구,신성동,25414,13439,11975,25296,13375,11921,-118,-64,-54
3020057000,2025-03-31,대전광역시,유성구,전민동,25656,13225,12431,25598,13199,12399,-58,-26,-32
3020058000,2025-03-31,대전광역시,유성구,구즉동,32762,16803,15959,32739,16820,15919,-23,17,-40
3020060000,2025-03-31,대전광역시,유성구,관평동,37404,19116,18288,37393,19107,18286,-11,-9,-2
3020061000,2025-03-31,대전광역시,유성구,원신흥동,30012,14280,15732,29888,14209,15679,-124,-71,-53
3023051000,2025-03-31,대전광역시,대덕구,오정동,13567,7073,6494,13540,7069,6471,-27,-4,-23
3023052000,2025-03-31,대전광역시,대덕구,대화동,5523,2893,2630,5465,2864,2601,-58,-29,-29
3023052500,2025-03-31,대전광역시,대덕구,회덕동,12548,6395,6153,12489,6370,6119,-59,-25,-34
3023053300,2025-03-31,대전광역시,대덕구,비래동,14780,7296,7484,14726,7265,7461,-54,-31,-23
3023054300,2025-03-31,대전광역시,대덕구,송촌동,25392,12595,12797,25265,12523,12742,-127,-72,-55
3023054600,2025-03-31,대전광역시,대덕구,중리동,18019,9439,8580,17904,9398,8506,-115,-41,-74
3023055000,2025-03-31,대전광역시,대덕구,신탄진동,16021,8226,7795,16019,8223,7796,-2,-3,1
3023056000,2025-03-31,대전광역시,대덕구,석봉동,15977,8148,7829,15957,8143,7814,-20,-5,-15
3023057000,2025-03-31,대전광역시,대덕구,덕암동,12628,6796,5832,12601,6790,5811,-27,-6,-21
3023058000,2025-03-31,대전광역시,대덕구,목상동,5934,3247,2687,5922,3251,2671,-12,4,-16
3023060000,2025-03-31,대전광역시,대덕구,법1동,12171,5686,6485,12126,5669,6457,-45,-17,-28
3023061000,2025-03-31,대전광역시,대덕구,법2동,14730,7130,7600,14706,7115,7591,-24,-15,-9
3111051000,2025-03-31,울산광역시,중구,학성동,10651,5447,5204,10638,5452,5186,-13,5,-18
3111052000,2025-03-31,울산광역시,중구,반구1동,15488,8101,7387,15495,8110,7385,7,9,-2
3111053000,2025-03-31,울산광역시,중구,반구2동,8108,4115,3993,8090,4111,3979,-18,-4,-14
3111055500,2025-03-31,울산광역시,중구,복산동,21134,10589,10545,21161,10592,10569,27,3,24
3111058500,2025-03-31,울산광역시,중구,중앙동,10925,5668,5257,10710,5553,5157,-215,-115,-100
3111059000,2025-03-31,울산광역시,중구,우정동,17874,8878,8996,17874,8867,9007,0,-11,11
3111060000,2025-03-31,울산광역시,중구,태화동,31235,15477,15758,31203,15456,15747,-32,-21,-11
3111061000,2025-03-31,울산광역시,중구,다운동,20906,10618,10288,20897,10607,10290,-9,-11,2
3111062000,2025-03-31,울산광역시,중구,병영1동,20336,10302,10034,20333,10310,10023,-3,8,-11
3111063000,2025-03-31,울산광역시,중구,병영2동,19208,9660,9548,19164,9641,9523,-44,-19,-25
3111064000,2025-03-31,울산광역시,중구,약사동,10468,5279,5189,10474,5281,5193,6,2,4
3111065000,2025-03-31,울산광역시,중구,성안동,20065,10289,9776,20064,10290,9774,-1,1,-2
3114051000,2025-03-31,울산광역시,남구,신정1동,17532,8805,8727,17492,8793,8699,-40,-12,-28
3114052000,2025-03-31,울산광역시,남구,신정2동,25374,12880,12494,25336,12850,12486,-38,-30,-8
3114053000,2025-03-31,울산광역시,남구,신정3동,15573,7898,7675,15555,7876,7679,-18,-22,4
3114054000,2025-03-31,울산광역시,남구,신정4동,19459,9769,9690,19428,9759,9669,-31,-10,-21
3114055000,2025-03-31,울산광역시,남구,신정5동,8289,4465,3824,8289,4470,3819,0,5,-5
3114056000,2025-03-31,울산광역시,남구,달동,25644,13060,12584,25689,13095,12594,45,35,10
3114057000,2025-03-31,울산광역시,남구,삼산동,47375,25096,22279,47379,25138,22241,4,42,-38
3114058500,2025-03-31,울산광역시,남구,삼호동,20184,10244,9940,20214,10257,9957,30,13,17
3114059500,2025-03-31,울산광역시,남구,무거동,30864,15921,14943,30875,15925,14950,11,4,7
3114060000,2025-03-31,울산광역시,남구,옥동,24824,12411,12413,24783,12381,12402,-41,-30,-11
3114062500,2025-03-31,울산광역시,남구,대현동,32204,16103,16101,32153,16075,16078,-51,-28,-23
3114063500,2025-03-31,울산광역시,남구,수암동,15752,7862,7890,15751,7869,7882,-1,7,-8
3114064000,2025-03-31,울산광역시,남구,선암동,13149,6761,6388,13119,6743,6376,-30,-18,-12
3114067000,2025-03-31,울산광역시,남구,야음장생포동,8511,4499,4012,8523,4514,4009,12,15,-3
3117051000,2025-03-31,울산광역시,동구,방어동,36985,19972,17013,36916,19924,16992,-69,-48,-21
3117052000,2025-03-31,울산광역시,동구,일산동,5132,2795,2337,5132,2792,2340,0,-3,3
3117053000,2025-03-31,울산광역시,동구,화정동,17901,9236,8665,17897,9241,8656,-4,5,-9
3117054000,2025-03-31,울산광역시,동구,대송동,10592,5576,5016,10560,5563,4997,-32,-13,-19
3117055000,2025-03-31,울산광역시,동구,전하1동,15299,7897,7402,15337,7921,7416,38,24,14
3117056000,2025-03-31,울산광역시,동구,전하2동,19101,9733,9368,19038,9695,9343,-63,-38,-25
3117058000,2025-03-31,울산광역시,동구,남목1동,7996,4064,3932,7982,4052,3930,-14,-12,-2
3117059000,2025-03-31,울산광역시,동구,남목2동,26433,13683,12750,26410,13681,12729,-23,-2,-21
3117060000,2025-03-31,울산광역시,동구,남목3동,10917,5527,5390,10896,5517,5379,-21,-10,-11
3120051000,2025-03-31,울산광역시,북구,농소1동,35310,18122,17188,35286,18107,17179,-24,-15,-9
3120052000,2025-03-31,울산광역시,북구,농소2동,41710,21149,20561,41714,21143,20571,4,-6,10
3120053000,2025-03-31,울산광역시,북구,농소3동,35902,18126,17776,35883,18133,17750,-19,7,-26
3120054000,2025-03-31,울산광역시,북구,강동동,15976,8225,7751,15974,8232,7742,-2,7,-9
3120056000,2025-03-31,울산광역시,북구,효문동,29236,15862,13374,29208,15846,13362,-28,-16,-12
3120057000,2025-03-31,울산광역시,북구,송정동,36221,18308,17913,36164,18302,17862,-57,-6,-51
3120058000,2025-03-31,울산광역시,북구,양정동,11768,6944,4824,11783,6952,4831,15,8,7
3120059000,2025-03-31,울산광역시,북구,염포동,9739,5316,4423,9743,5323,4420,4,7,-3
3171025000,2025-03-31,울산광역시,울주군,온산읍,19080,11327,7753,19045,11303,7742,-35,-24,-11
3171025300,2025-03-31,울산광역시,울주군,언양읍,29205,14545,14660,29240,14582,14658,35,37,-2
3171025600,2025-03-31,울산광역시,울주군,온양읍,27992,14646,13346,27995,14658,13337,3,12,-9
3171025900,2025-03-31,울산광역시,울주군,범서읍,66736,33450,33286,66689,33421,33268,-47,-29,-18
3171026200,2025-03-31,울산광역시,울주군,청량읍,20872,10821,10051,20940,10855,10085,68,34,34
3171026500,2025-03-31,울산광역시,울주군,삼남읍,22013,11447,10566,21994,11439,10555,-19,-8,-11
3171031000,2025-03-31,울산광역시,울주군,서생면,8455,4643,3812,8436,4629,3807,-19,-14,-5
3171034000,2025-03-31,울산광역시,울주군,웅촌면,7364,3759,3605,7338,3738,3600,-26,-21,-5
3171036000,2025-03-31,울산광역시,울주군,두동면,4211,2166,2045,4208,2165,2043,-3,-1,-2
3171037000,2025-03-31,울산광역시,울주군,두서면,2933,1536,1397,2938,1532,1406,5,-4,9
3171038000,2025-03-31,울산광역시,울주군,상북면,7874,4023,3851,7887,4027,3860,13,4,9
3171040000,2025-03-31,울산광역시,울주군,삼동면,1693,904,789,1692,900,792,-1,-4,3
3611025000,2025-03-31,세종특별자치시,,조치원읍,40879,21205,19674,40841,21188,19653,-38,-17,-21
3611031000,2025-03-31,세종특별자치시,,연기면,2354,1344,1010,2337,1341,996,-17,-3,-14
3611032000,2025-03-31,세종특별자치시,,연동면,2679,1390,1289,2671,1382,1289,-8,-8,0
3611033000,2025-03-31,세종특별자치시,,부강면,5290,2922,2368,5279,2916,2363,-11,-6,-5
3611034000,2025-03-31,세종특별자치시,,금남면,8127,4378,3749,8121,4371,3750,-6,-7,1
3611035000,2025-03-31,세종특별자치시,,장군면,6547,3840,2707,6534,3835,2699,-13,-5,-8
3611036000,2025-03-31,세종특별자치시,,연서면,6630,3631,2999,6608,3614,2994,-22,-17,-5
3611037000,2025-03-31,세종특별자치시,,전의면,5023,2677,2346,5017,2676,2341,-6,-1,-5
3611038000,2025-03-31,세종특별자치시,,전동면,3007,1608,1399,3000,1601,1399,-7,-7,0
3611039000,2025-03-31,세종특별자치시,,소정면,2020,1071,949,2019,1067,952,-1,-4,3
3611051000,2025-03-31,세종특별자치시,,한솔동,17898,8846,9052,17835,8810,9025,-63,-36,-27
3611051500,2025-03-31,세종특별자치시,,새롬동,26370,12759,13611,26328,12755,13573,-42,-4,-38
3611051800,2025-03-31,세종특별자치시,,나성동,12980,6323,6657,12986,6317,6669,6,-6,12
3611052000,2025-03-31,세종특별자치시,,도담동,24592,11880,12712,24603,11894,12709,11,14,-3
3611052300,2025-03-31,세종특별자치시,,어진동,11078,5519,5559,11036,5483,5553,-42,-36,-6
3611052500,2025-03-31,세종특별자치시,,해밀동,21733,10557,11176,22641,10999,11642,908,442,466
3611053000,2025-03-31,세종특별자치시,,아름동,23076,11384,11692,22980,11323,11657,-96,-61,-35
3611054000,2025-03-31,세종특별자치시,,종촌동,27601,13415,14186,27521,13371,14150,-80,-44,-36
3611055000,2025-03-31,세종특별자치시,,고운동,35438,17387,18051,35379,17347,18032,-59,-40,-19
3611055500,2025-03-31,세종특별자치시,,소담동,21607,10526,11081,21533,10470,11063,-74,-56,-18
3611055600,2025-03-31,세종특별자치시,,반곡동,28501,13998,14503,28559,13999,14560,58,1,57
3611056000,2025-03-31,세종특별자치시,,보람동,18745,9227,9518,18671,9189,9482,-74,-38,-36
3611057000,2025-03-31,세종특별자치시,,대평동,11187,5530,5657,11140,5511,5629,-47,-19,-28
3611058000,2025-03-31,세종특별자치시,,다정동,28307,13550,14757,28173,13482,14691,-134,-68,-66
4111156000,2025-03-31,경기도,수원시 장안구,파장동,24723,12442,12281,24696,12422,12274,-27,-20,-7
4111156600,2025-03-31,경기도,수원시 장안구,율천동,39812,21046,18766,39847,21082,18765,35,36,-1
4111157100,2025-03-31,경기도,수원시 장안구,정자1동,33545,16408,17137,33516,16393,17123,-29,-15,-14
4111157200,2025-03-31,경기도,수원시 장안구,정자2동,38442,18782,19660,38446,18802,19644,4,20,-16
4111157300,2025-03-31,경기도,수원시 장안구,정자3동,38876,19444,19432,38812,19404,19408,-64,-40,-24
4111158000,2025-03-31,경기도,수원시 장안구,영화동,17987,9192,8795,17996,9193,8803,9,1,8
4111159100,2025-03-31,경기도,수원시 장안구,송죽동,18142,9009,9133,18114,8998,9116,-28,-11,-17
4111159700,2025-03-31,경기도,수원시 장안구,조원1동,27767,13928,13839,27748,13930,13818,-19,2,-21
4111159800,2025-03-31,경기도,수원시 장안구,조원2동,17518,8327,9191,17479,8312,9167,-39,-15,-24
4111160000,2025-03-31,경기도,수원시 장안구,연무동,17229,8848,8381,17207,8842,8365,-22,-6,-16
4111352000,2025-03-31,경기도,수원시 권선구,세류1동,9563,4823,4740,9549,4808,4741,-14,-15,1
4111353000,2025-03-31,경기도,수원시 권선구,세류2동,22208,11523,10685,22203,11496,10707,-5,-27,22
4111354000,2025-03-31,경기도,수원시 권선구,세류3동,17334,8721,8613,17312,8718,8594,-22,-3,-19
4111355000,2025-03-31,경기도,수원시 권선구,평동,40752,20534,20218,40876,20596,20280,124,62,62
4111356000,2025-03-31,경기도,수원시 권선구,서둔동,37246,19004,18242,37272,19033,18239,26,29,-3
4111365000,2025-03-31,경기도,수원시 권선구,구운동,22686,11531,11155,22631,11511,11120,-55,-20,-35
4111366200,2025-03-31,경기도,수원시 권선구,금곡동,44608,21883,22725,44580,21869,22711,-28,-14,-14
4111366400,2025-03-31,경기도,수원시 권선구,호매실동,44039,21764,22275,44026,21743,22283,-13,-21,8
4111367000,2025-03-31,경기도,수원시 권선구,권선1동,24110,12368,11742,24031,12332,11699,-79,-36,-43
4111368000,2025-03-31,경기도,수원시 권선구,권선2동,45896,22535,23361,45920,22549,23371,24,14,10
4111369000,2025-03-31,경기도,수원시 권선구,곡선동,34381,18423,15958,34337,18408,15929,-44,-15,-29
4111370000,2025-03-31,경기도,수원시 권선구,입북동,19639,9964,9675,19635,9966,9669,-4,2,-6
4111565000,2025-03-31,경기도,수원시 팔달구,매교동,21704,10984,10720,21706,10996,10710,2,12,-10
4111566000,2025-03-31,경기도,수원시 팔달구,매산동,9885,5452,4433,9843,5421,4422,-42,-31,-11
4111567000,2025-03-31,경기도,수원시 팔달구,고등동,19186,9582,9604,19136,9549,9587,-50,-33,-17
4111568000,2025-03-31,경기도,수원시 팔달구,화서1동,20923,10127,10796,20855,10084,10771,-68,-43,-25
4111569000,2025-03-31,경기도,수원시 팔달구,화서2동,24127,11881,12246,24117,11868,12249,-10,-13,3
4111570000,2025-03-31,경기도,수원시 팔달구,지동,9453,4817,4636,9456,4815,4641,3,-2,5
4111571000,2025-03-31,경기도,수원시 팔달구,우만1동,18140,9082,9058,18118,9054,9064,-22,-28,6
4111572000,2025-03-31,경기도,수원시 팔달구,우만2동,16679,8365,8314,16647,8354,8293,-32,-11,-21
4111573000,2025-03-31,경기도,수원시 팔달구,인계동,45070,22652,22418,45027,22647,22380,-43,-5,-38
4111574000,2025-03-31,경기도,수원시 팔달구,행궁동,9144,4837,4307,9144,4820,4324,0,-17,17
4111751000,2025-03-31,경기도,수원시 영통구,매탄1동,11356,5725,5631,11328,5728,5600,-28,3,-31
4111752000,2025-03-31,경기도,수원시 영통구,매탄2동,13559,6777,6782,13505,6750,6755,-54,-27,-27
4111753000,2025-03-31,경기도,수원시 영통구,매탄3동,34094,17615,16479,34073,17605,16468,-21,-10,-11
4111754000,2025-03-31,경기도,수원시 영통구,매탄4동,19741,9624,10117,19684,9585,10099,-57,-39,-18
4111755000,2025-03-31,경기도,수원시 영통구,원천동,45512,22922,22590,45579,22967,22612,67,45,22
4111757000,2025-03-31,경기도,수원시 영통구,영통1동,32719,15990,16729,32722,15979,16743,3,-11,14
4111758000,2025-03-31,경기도,수원시 영통구,영통2동,24974,13273,11701,25008,13304,11704,34,31,3
4111758500,2025-03-31,경기도,수원시 영통구,영통3동,31493,16269,15224,31435,16257,15178,-58,-12,-46
4111759300,2025-03-31,경기도,수원시 영통구,망포1동,31431,15775,15656,31376,15736,15640,-55,-39,-16
4111759600,2025-03-31,경기도,수원시 영통구,망포2동,33578,16718,16860,33687,16760,16927,109,42,67
4111760000,2025-03-31,경기도,수원시 영통구,광교1동,53800,26307,27493,53877,26335,27542,77,28,49
4111761000,2025-03-31,경기도,수원시 영통구,광교2동,28429,13678,14751,28422,13681,14741,-7,3,-10
4113151000,2025-03-31,경기도,성남시 수정구,신흥1동,12255,6541,5714,12224,6538,5686,-31,-3,-28
4113152000,2025-03-31,경기도,성남시 수정구,신흥2동,31566,15307,16259,31574,15319,16255,8,12,-4
4113153000,2025-03-31,경기도,성남시 수정구,신흥3동,10779,5760,5019,10774,5753,5021,-5,-7,2
4113154000,2025-03-31,경기도,성남시 수정구,태평1동,13862,7205,6657,13842,7198,6644,-20,-7,-13
4113155000,2025-03-31,경기도,성남시 수정구,태평2동,13941,7028,6913,13926,7020,6906,-15,-8,-7
4113156000,2025-03-31,경기도,성남시 수정구,태평3동,11901,6117,5784,11850,6099,5751,-51,-18,-33
4113156100,2025-03-31,경기도,성남시 수정구,태평4동,11182,5768,5414,11116,5735,5381,-66,-33,-33
4113157000,2025-03-31,경기도,성남시 수정구,수진1동,11038,5843,5195,11012,5835,5177,-26,-8,-18
4113158000,2025-03-31,경기도,성남시 수정구,수진2동,14564,7346,7218,14524,7317,7207,-40,-29,-11
4113159000,2025-03-31,경기도,성남시 수정구,단대동,14303,7042,7261,14299,7037,7262,-4,-5,1
4113160000,2025-03-31,경기도,성남시 수정구,산성동,4520,2266,2254,4545,2287,2258,25,21,4
4113161000,2025-03-31,경기도,성남시 수정구,양지동,9047,4472,4575,9034,4453,4581,-13,-19,6
4113162000,2025-03-31,경기도,성남시 수정구,복정동,10242,5777,4465,10287,5793,4494,45,16,29
4113162500,2025-03-31,경기도,성남시 수정구,위례동,45659,22108,23551,45674,22119,23555,15,11,4
4113163000,2025-03-31,경기도,성남시 수정구,신촌동,4510,2390,2120,4503,2379,2124,-7,-11,4
4113164000,2025-03-31,경기도,성남시 수정구,고등동,11701,5723,5978,11688,5719,5969,-13,-4,-9
4113165000,2025-03-31,경기도,성남시 수정구,시흥동,3419,1817,1602,3430,1821,1609,11,4,7
4113351000,2025-03-31,경기도,성남시 중원구,성남동,32252,16857,15395,32217,16841,15376,-35,-16,-19
4113352500,2025-03-31,경기도,성남시 중원구,중앙동,16667,8478,8189,16665,8478,8187,-2,0,-2
4113353000,2025-03-31,경기도,성남시 중원구,금광1동,19545,9571,9974,19538,9561,9977,-7,-10,3
4113354000,2025-03-31,경기도,성남시 중원구,금광2동,24066,11878,12188,24019,11863,12156,-47,-15,-32
4113355000,2025-03-31,경기도,성남시 중원구,은행1동,9389,4642,4747,9389,4639,4750,0,-3,3
4113356000,2025-03-31,경기도,성남시 중원구,은행2동,21371,10527,10844,21364,10519,10845,-7,-8,1
4113357000,2025-03-31,경기도,성남시 중원구,상대원1동,23633,12330,11303,23586,12295,11291,-47,-35,-12
4113358000,2025-03-31,경기도,성남시 중원구,상대원2동,3031,1594,1437,3006,1581,1425,-25,-13,-12
4113359000,2025-03-31,경기도,성남시 중원구,상대원3동,11279,5920,5359,11298,5937,5361,19,17,2
4113366000,2025-03-31,경기도,성남시 중원구,하대원동,19201,9648,9553,19212,9654,9558,11,6,5
4113367000,2025-03-31,경기도,성남시 중원구,도촌동,25978,12599,13379,25955,12580,13375,-23,-19,-4
4113551000,2025-03-31,경기도,성남시 분당구,분당동,24408,12035,12373,24431,12066,12365,23,31,-8
4113552000,2025-03-31,경기도,성남시 분당구,수내1동,17855,8503,9352,17833,8493,9340,-22,-10,-12
4113553000,2025-03-31,경기도,성남시 분당구,수내2동,10467,5111,5356,10433,5097,5336,-34,-14,-20
4113554000,2025-03-31,경기도,성남시 분당구,수내3동,13267,6573,6694,13242,6560,6682,-25,-13,-12
4113554500,2025-03-31,경기도,성남시 분당구,정자동,13948,7102,6846,13910,7079,6831,-38,-23,-15
4113555000,2025-03-31,경기도,성남시 분당구,정자1동,30218,14326,15892,30133,14285,15848,-85,-41,-44
4113556000,2025-03-31,경기도,성남시 분당구,정자2동,14287,6797,7490,14285,6795,7490,-2,-2,0
4113557000,2025-03-31,경기도,성남시 분당구,정자3동,16625,7951,8674,16626,7949,8677,1,-2,3
4113558000,2025-03-31,경기도,성남시 분당구,서현1동,30817,14965,15852,30728,14901,15827,-89,-64,-25
4113559000,2025-03-31,경기도,성남시 분당구,서현2동,17447,8612,8835,17422,8608,8814,-25,-4,-21
4113560000,2025-03-31,경기도,성남시 분당구,이매1동,24755,12103,12652,24727,12085,12642,-28,-18,-10
4113561000,2025-03-31,경기도,성남시 분당구,이매2동,13037,6390,6647,12994,6361,6633,-43,-29,-14
4113562000,2025-03-31,경기도,성남시 분당구,야탑1동,16628,8196,8432,16606,8202,8404,-22,6,-28
4113563000,2025-03-31,경기도,성남시 분당구,야탑2동,15669,7434,8235,15630,7419,8211,-39,-15,-24
4113564000,2025-03-31,경기도,성남시 분당구,야탑3동,26178,12886,13292,26149,12882,13267,-29,-4,-25
4113565000,2025-03-31,경기도,성남시 분당구,판교동,26540,13023,13517,26550,13031,13519,10,8,2
4113565500,2025-03-31,경기도,성남시 분당구,삼평동,23747,11520,12227,23697,11485,12212,-50,-35,-15
4113565700,2025-03-31,경기도,성남시 분당구,백현동,26448,12658,13790,26430,12635,13795,-18,-23,5
4113566200,2025-03-31,경기도,성남시 분당구,금곡동,26911,12706,14205,26876,12681,14195,-35,-25,-10
4113566500,2025-03-31,경기도,성남시 분당구,구미1동,16213,7808,8405,16215,7834,8381,2,26,-24
4113567000,2025-03-31,경기도,성남시 분당구,구미동,28119,13345,14774,28103,13325,14778,-16,-20,4
4113568000,2025-03-31,경기도,성남시 분당구,운중동,37322,18225,19097,37370,18240,19130,48,15,33
4115051000,2025-03-31,경기도,의정부시,의정부1동,40097,20252,19845,40149,20281,19868,52,29,23
4115052000,2025-03-31,경기도,의정부시,의정부2동,29292,14582,14710,29245,14544,14701,-47,-38,-9
4115054500,2025-03-31,경기도,의정부시,호원1동,33730,16315,17415,33663,16273,17390,-67,-42,-25
4115055500,2025-03-31,경기도,의정부시,호원2동,32274,15502,16772,32170,15451,16719,-104,-51,-53
4115056100,2025-03-31,경기도,의정부시,장암동,18518,8826,9692,18493,8807,9686,-25,-19,-6
4115056700,2025-03-31,경기도,의정부시,신곡1동,41523,20308,21215,41579,20344,21235,56,36,20
4115056800,2025-03-31,경기도,의정부시,신곡2동,44104,21279,22825,44016,21235,22781,-88,-44,-44
4115057300,2025-03-31,경기도,의정부시,송산1동,30402,14843,15559,30284,14778,15506,-118,-65,-53
4115057600,2025-03-31,경기도,의정부시,송산2동,31133,15414,15719,31025,15368,15657,-108,-46,-62
4115057800,2025-03-31,경기도,의정부시,송산3동,44691,21618,23073,44633,21603,23030,-58,-15,-43
4115058000,2025-03-31,경기도,의정부시,자금동,25156,12285,12871,25161,12297,12864,5,12,-7
4115059500,2025-03-31,경기도,의정부시,가능동,23569,11802,11767,23545,11785,11760,-24,-17,-7
4115061500,2025-03-31,경기도,의정부시,흥선동,18697,9543,9154,18679,9519,9160,-18,-24,6
4115062000,2025-03-31,경기도,의정부시,녹양동,19394,9596,9798,19303,9539,9764,-91,-57,-34
4115063000,2025-03-31,경기도,의정부시,고산동,28941,14449,14492,29645,14801,14844,704,352,352
4117151000,2025-03-31,경기도,안양시 만안구,안양1동,17837,8903,8934,18108,9021,9087,271,118,153
4117152000,2025-03-31,경기도,안양시 만안구,안양2동,22413,11259,11154,22437,11257,11180,24,-2,26
4117153000,2025-03-31,경기도,안양시 만안구,안양3동,15088,7391,7697,14986,7331,7655,-102,-60,-42
4117154000,2025-03-31,경기도,안양시 만안구,안양4동,6487,3214,3273,6445,3213,3232,-42,-1,-41
4117155000,2025-03-31,경기도,안양시 만안구,안양5동,11920,5907,6013,13341,6604,6737,1421,697,724
4117156000,2025-03-31,경기도,안양시 만안구,안양6동,26607,13413,13194,26709,13452,13257,102,39,63
4117157000,2025-03-31,경기도,안양시 만안구,안양7동,14496,7115,7381,14543,7141,7402,47,26,21
4117158000,2025-03-31,경기도,안양시 만안구,안양8동,8053,4171,3882,7981,4130,3851,-72,-41,-31
4117158100,2025-03-31,경기도,안양시 만안구,안양9동,15842,7796,8046,15802,7767,8035,-40,-29,-11
4117159000,2025-03-31,경기도,안양시 만안구,석수1동,18533,9018,9515,18468,8994,9474,-65,-24,-41
4117160000,2025-03-31,경기도,안양시 만안구,석수2동,29065,14543,14522,28952,14483,14469,-113,-60,-53
4117161100,2025-03-31,경기도,안양시 만안구,충훈동,11972,6090,5882,11901,6051,5850,-71,-39,-32
4117162100,2025-03-31,경기도,안양시 만안구,박달1동,13645,6844,6801,13610,6840,6770,-35,-4,-31
4117163000,2025-03-31,경기도,안양시 만안구,박달2동,20325,10116,10209,20287,10096,10191,-38,-20,-18
4117351000,2025-03-31,경기도,안양시 동안구,비산1동,28349,13765,14584,28304,13745,14559,-45,-20,-25
4117352000,2025-03-31,경기도,안양시 동안구,비산2동,14467,7103,7364,14441,7087,7354,-26,-16,-10
4117353000,2025-03-31,경기도,안양시 동안구,비산3동,17890,8830,9060,17871,8816,9055,-19,-14,-5
4117354000,2025-03-31,경기도,안양시 동안구,부흥동,15973,7643,8330,15982,7649,8333,9,6,3
4117354600,2025-03-31,경기도,안양시 동안구,달안동,9492,4243,5249,9472,4220,5252,-20,-23,3
4117355200,2025-03-31,경기도,안양시 동안구,관양동,32505,15871,16634,32436,15841,16595,-69,-30,-39
4117355900,2025-03-31,경기도,안양시 동안구,인덕원동,17916,9157,8759,17922,9170,8752,6,13,-7
4117356600,2025-03-31,경기도,안양시 동안구,부림동,26179,12683,13496,26168,12691,13477,-11,8,-19
4117357000,2025-03-31,경기도,안양시 동안구,평촌동,14649,7168,7481,14814,7264,7550,165,96,69
4117357600,2025-03-31,경기도,안양시 동안구,평안동,22536,10995,11541,22480,10962,11518,-56,-33,-23
4117357800,2025-03-31,경기도,안양시 동안구,귀인동,16048,7945,8103,16036,7939,8097,-12,-6,-6
4117358000,2025-03-31,경기도,안양시 동안구,호계1동,26628,13321,13307,26642,13334,13308,14,13,1
4117359000,2025-03-31,경기도,안양시 동안구,호계2동,24579,11980,12599,24669,12017,12652,90,37,53
4117360000,2025-03-31,경기도,안양시 동안구,호계3동,22816,11381,11435,22791,11380,11411,-25,-1,-24
4117361000,2025-03-31,경기도,안양시 동안구,범계동,15058,7240,7818,15017,7215,7802,-41,-25,-16
4117362000,2025-03-31,경기도,안양시 동안구,신촌동,12258,5975,6283,12245,5966,6279,-13,-9,-4
4117363000,2025-03-31,경기도,안양시 동안구,갈산동,10373,5061,5312,10384,5073,5311,11,12,-1
4119251000,2025-03-31,경기도,부천시 원미구,심곡1동,11913,6205,5708,11855,6164,5691,-58,-41,-17
4119252000,2025-03-31,경기도,부천시 원미구,심곡2동,18357,9548,8809,18377,9578,8799,20,30,-10
4119253000,2025-03-31,경기도,부천시 원미구,심곡3동,10783,5485,5298,10792,5479,5313,9,-6,15
4119254000,2025-03-31,경기도,부천시 원미구,원미1동,16568,8289,8279,16567,8304,8263,-1,15,-16
4119255000,2025-03-31,경기도,부천시 원미구,원미2동,11308,5651,5657,11268,5627,5641,-40,-24,-16
4119256000,2025-03-31,경기도,부천시 원미구,소사동,5931,2818,3113,5918,2808,3110,-13,-10,-3
4119257000,2025-03-31,경기도,부천시 원미구,역곡1동,16260,7946,8314,16255,7946,8309,-5,0,-5
4119258000,2025-03-31,경기도,부천시 원미구,역곡2동,16766,8199,8567,16755,8194,8561,-11,-5,-6
4119259000,2025-03-31,경기도,부천시 원미구,춘의동,13691,6833,6858,13651,6826,6825,-40,-7,-33
4119260000,2025-03-31,경기도,부천시 원미구,도당동,20186,10230,9956,20176,10223,9953,-10,-7,-3
4119261000,2025-03-31,경기도,부천시 원미구,약대동,17082,8540,8542,17027,8517,8510,-55,-23,-32
4119262000,2025-03-31,경기도,부천시 원미구,중동,21596,10580,11016,21591,10567,11024,-5,-13,8
4119263000,2025-03-31,경기도,부천시 원미구,중1동,40569,19662,20907,40547,19644,20903,-22,-18,-4
4119264000,2025-03-31,경기도,부천시 원미구,중2동,29377,14231,15146,29366,14235,15131,-11,4,-15
4119265000,2025-03-31,경기도,부천시 원미구,중3동,21974,10262,11712,21941,10255,11686,-33,-7,-26
4119266000,2025-03-31,경기도,부천시 원미구,중4동,17125,7853,9272,17086,7836,9250,-39,-17,-22
4119267000,2025-03-31,경기도,부천시 원미구,상동,17499,8607,8892,17512,8625,8887,13,18,-5
4119268000,2025-03-31,경기도,부천시 원미구,상1동,23546,11314,12232,23530,11302,12228,-16,-12,-4
4119269000,2025-03-31,경기도,부천시 원미구,상2동,28026,13694,14332,27978,13660,14318,-48,-34,-14
4119270000,2025-03-31,경기도,부천시 원미구,상3동,30241,14822,15419,30244,14827,15417,3,5,-2
4119451000,2025-03-31,경기도,부천시 소사구,심곡본1동,15789,7967,7822,15765,7937,7828,-24,-30,6
4119452000,2025-03-31,경기도,부천시 소사구,심곡본동,14385,7040,7345,14367,7028,7339,-18,-12,-6
4119453000,2025-03-31,경기도,부천시 소사구,소사본동,24822,12270,12552,24749,12225,12524,-73,-45,-28
4119454000,2025-03-31,경기도,부천시 소사구,소사본1동,27986,13633,14353,27944,13614,14330,-42,-19,-23
4119455000,2025-03-31,경기도,부천시 소사구,범박동,28314,13877,14437,28257,13842,14415,-57,-35,-22
4119456000,2025-03-31,경기도,부천시 소사구,옥길동,31198,15413,15785,31119,15381,15738,-79,-32,-47
4119457000,2025-03-31,경기도,부천시 소사구,괴안동,18296,8889,9407,18272,8871,9401,-24,-18,-6
4119458000,2025-03-31,경기도,부천시 소사구,역곡3동,22110,10660,11450,22079,10636,11443,-31,-24,-7
4119459000,2025-03-31,경기도,부천시 소사구,송내1동,20221,9848,10373,20229,9850,10379,8,2,6
4119460000,2025-03-31,경기도,부천시 소사구,송내2동,24084,11797,12287,24054,11779,12275,-30,-18,-12
4119651000,2025-03-31,경기도,부천시 오정구,성곡동,38123,18947,19176,38031,18907,19124,-92,-40,-52
4119652000,2025-03-31,경기도,부천시 오정구,원종1동,21313,10623,10690,21284,10618,10666,-29,-5,-24
4119653000,2025-03-31,경기도,부천시 오정구,원종2동,18269,9084,9185,18215,9049,9166,-54,-35,-19
4119654000,2025-03-31,경기도,부천시 오정구,고강본동,25414,12742,12672,25352,12713,12639,-62,-29,-33
4119655000,2025-03-31,경기도,부천시 오정구,고강1동,12473,6181,6292,12473,6183,6290,0,2,-2
4119656000,2025-03-31,경기도,부천시 오정구,오정동,19077,9948,9129,19051,9946,9105,-26,-2,-24
4119657000,2025-03-31,경기도,부천시 오정구,신흥동,16682,8825,7857,16643,8808,7835,-39,-17,-22
4121051000,2025-03-31,경기도,광명시,광명1동,4610,2249,2361,6414,3114,3300,1804,865,939
4121052000,2025-03-31,경기도,광명시,광명2동,2817,1408,1409,2781,1387,1394,-36,-21,-15
4121054000,2025-03-31,경기도,광명시,광명3동,9417,4546,4871,9417,4562,4855,0,16,-16
4121055000,2025-03-31,경기도,광명시,광명4동,7397,3631,3766,7387,3634,3753,-10,3,-13
4121056000,2025-03-31,경기도,광명시,광명5동,11669,5687,5982,11663,5685,5978,-6,-2,-4
4121057000,2025-03-31,경기도,광명시,광명6동,12343,6038,6305,12377,6042,6335,34,4,30
4121058000,2025-03-31,경기도,광명시,광명7동,25804,12661,13143,25742,12630,13112,-62,-31,-31
4121059000,2025-03-31,경기도,광명시,철산1동,10359,5142,5217,10342,5131,5211,-17,-11,-6
4121060000,2025-03-31,경기도,광명시,철산2동,5048,2671,2377,5040,2673,2367,-8,2,-10
4121061000,2025-03-31,경기도,광명시,철산3동,36334,17727,18607,36260,17694,18566,-74,-33,-41
4121062000,2025-03-31,경기도,광명시,철산4동,9224,4551,4673,9222,4546,4676,-2,-5,3
4121063100,2025-03-31,경기도,광명시,하안1동,24914,12376,12538,24905,12376,12529,-9,0,-9
4121063200,2025-03-31,경기도,광명시,하안2동,12898,6031,6867,12861,6009,6852,-37,-22,-15
4121063300,2025-03-31,경기도,광명시,하안3동,18609,8800,9809,18583,8774,9809,-26,-26,0
4121063400,2025-03-31,경기도,광명시,하안4동,11603,5621,5982,11568,5603,5965,-35,-18,-17
4121064000,2025-03-31,경기도,광명시,소하1동,29590,14288,15302,29497,14246,15251,-93,-42,-51
4121065000,2025-03-31,경기도,광명시,소하2동,25633,12720,12913,25571,12677,12894,-62,-43,-19
4121065500,2025-03-31,경기도,광명시,일직동,21498,10706,10792,21489,10703,10786,-9,-3,-6
4121066000,2025-03-31,경기도,광명시,학온동,1712,955,757,1719,959,760,7,4,3
4122025000,2025-03-31,경기도,평택시,팽성읍,27415,14383,13032,27391,14352,13039,-24,-31,7
4122025300,2025-03-31,경기도,평택시,안중읍,43145,22518,20627,43039,22464,20575,-106,-54,-52
4122025600,2025-03-31,경기도,평택시,포승읍,22586,13957,8629,22529,13904,8625,-57,-53,-4
4122025900,2025-03-31,경기도,평택시,청북읍,26061,14082,11979,26174,14147,12027,113,65,48
4122031000,2025-03-31,경기도,평택시,진위면,10686,5975,4711,10677,5958,4719,-9,-17,8
4122032000,2025-03-31,경기도,평택시,서탄면,3426,1905,1521,3411,1895,1516,-15,-10,-5
4122033000,2025-03-31,경기도,평택시,고덕면,12846,6971,5875,12843,6961,5882,-3,-10,7
4122034000,2025-03-31,경기도,평택시,오성면,6209,3326,2883,6182,3303,2879,-27,-23,-4
4122037000,2025-03-31,경기도,평택시,현덕면,5659,3039,2620,5630,3020,2610,-29,-19,-10
4122051000,2025-03-31,경기도,평택시,중앙동,42919,22759,20160,42831,22715,20116,-88,-44,-44
4122052000,2025-03-31,경기도,평택시,서정동,24888,12888,12000,24905,12918,11987,17,30,-13
4122053500,2025-03-31,경기도,평택시,송탄동,23513,12203,11310,23514,12187,11327,1,-16,17
4122055000,2025-03-31,경기도,평택시,지산동,12271,6918,5353,12233,6906,5327,-38,-12,-26
4122056000,2025-03-31,경기도,평택시,송북동,20675,10380,10295,20641,10376,10265,-34,-4,-30
4122057000,2025-03-31,경기도,평택시,신장1동,6702,3500,3202,6685,3491,3194,-17,-9,-8
4122058000,2025-03-31,경기도,평택시,신장2동,4852,2665,2187,4835,2659,2176,-17,-6,-11
4122059000,2025-03-31,경기도,평택시,신평동,19751,10516,9235,19776,10519,9257,25,3,22
4122060000,2025-03-31,경기도,평택시,원평동,12945,6889,6056,12895,6879,6016,-50,-10,-40
4122061000,2025-03-31,경기도,평택시,통복동,5404,2820,2584,5448,2841,2607,44,21,23
4122062000,2025-03-31,경기도,평택시,비전1동,50802,25424,25378,50747,25385,25362,-55,-39,-16
4122063000,2025-03-31,경기도,평택시,비전2동,56450,27845,28605,56367,27807,28560,-83,-38,-45
4122063500,2025-03-31,경기도,평택시,용이동,25621,13692,11929,25624,13688,11936,3,-4,7
4122064000,2025-03-31,경기도,평택시,세교동,37425,18924,18501,37407,18912,18495,-18,-12,-6
4122065000,2025-03-31,경기도,평택시,동삭동,42567,22256,20311,42610,22289,20321,43,33,10
4122066000,2025-03-31,경기도,평택시,고덕동,54762,28973,25789,55585,29409,26176,823,436,387
4125051000,2025-03-31,경기도,동두천시,생연1동,6132,3099,3033,6123,3085,3038,-9,-14,5
4125052000,2025-03-31,경기도,동두천시,생연2동,10733,5219,5514,10667,5196,5471,-66,-23,-43
4125053500,2025-03-31,경기도,동두천시,중앙동,4388,2262,2126,4378,2261,2117,-10,-1,-9
4125055000,2025-03-31,경기도,동두천시,보산동,2620,1312,1308,2635,1321,1314,15,9,6
4125056500,2025-03-31,경기도,동두천시,불현동,24987,12325,12662,24993,12321,12672,6,-4,10
4125056600,2025-03-31,경기도,동두천시,송내동,24800,12100,12700,24856,12131,12725,56,31,25
4125058000,2025-03-31,경기도,동두천시,소요동,8322,4390,3932,8317,4381,3936,-5,-9,4
4125060000,2025-03-31,경기도,동두천시,상패동,4703,2532,2171,4677,2519,2158,-26,-13,-13
4127151000,2025-03-31,경기도,안산시 상록구,일동,22599,11550,11049,22597,11552,11045,-2,2,-4
4127151500,2025-03-31,경기도,안산시 상록구,이동,22416,12179,10237,22364,12144,10220,-52,-35,-17
4127152500,2025-03-31,경기도,안산시 상록구,사동,29225,15401,13824,29176,15380,13796,-49,-21,-28
4127153200,2025-03-31,경기도,안산시 상록구,사이동,30176,15257,14919,30076,15213,14863,-100,-44,-56
4127153700,2025-03-31,경기도,안산시 상록구,해양동,39600,19849,19751,39579,19837,19742,-21,-12,-9
4127154000,2025-03-31,경기도,안산시 상록구,본오1동,34508,17915,16593,34438,17864,16574,-70,-51,-19
4127155000,2025-03-31,경기도,안산시 상록구,본오2동,24242,11933,12309,24147,11889,12258,-95,-44,-51
4127156000,2025-03-31,경기도,안산시 상록구,본오3동,18014,9002,9012,17986,8992,8994,-28,-10,-18
4127157000,2025-03-31,경기도,안산시 상록구,부곡동,20078,10321,9757,20043,10313,9730,-35,-8,-27
4127158000,2025-03-31,경기도,안산시 상록구,월피동,35416,18142,17274,35318,18097,17221,-98,-45,-53
4127159000,2025-03-31,경기도,안산시 상록구,성포동,24423,11934,12489,24384,11924,12460,-39,-10,-29
4127160000,2025-03-31,경기도,안산시 상록구,반월동,16519,8338,8181,16808,8491,8317,289,153,136
4127161000,2025-03-31,경기도,안산시 상록구,안산동,8338,4377,3961,8325,4377,3948,-13,0,-13
4127351000,2025-03-31,경기도,안산시 단원구,와동,35587,18967,16620,35525,18934,16591,-62,-33,-29
4127352500,2025-03-31,경기도,안산시 단원구,고잔동,19809,9865,9944,19765,9837,9928,-44,-28,-16
4127353200,2025-03-31,경기도,안산시 단원구,중앙동,24238,11995,12243,24179,11970,12209,-59,-25,-34
4127353500,2025-03-31,경기도,안산시 단원구,호수동,42117,21202,20915,42056,21155,20901,-61,-47,-14
4127354500,2025-03-31,경기도,안산시 단원구,원곡동,5363,3029,2334,5348,3026,2322,-15,-3,-12
4127355500,2025-03-31,경기도,안산시 단원구,백운동,23983,12024,11959,23910,11984,11926,-73,-40,-33
4127356500,2025-03-31,경기도,안산시 단원구,신길동,20737,11149,9588,20665,11097,9568,-72,-52,-20
4127357000,2025-03-31,경기도,안산시 단원구,초지동,45218,23139,22079,45209,23151,22058,-9,12,-21
4127358000,2025-03-31,경기도,안산시 단원구,선부1동,16786,8559,8227,16733,8517,8216,-53,-42,-11
4127359000,2025-03-31,경기도,안산시 단원구,선부2동,17293,9221,8072,17256,9205,8051,-37,-16,-21
4127360000,2025-03-31,경기도,안산시 단원구,선부3동,32135,16504,15631,32094,16475,15619,-41,-29,-12
4127361000,2025-03-31,경기도,안산시 단원구,대부동,9143,4699,4444,9119,4694,4425,-24,-5,-19
4128151000,2025-03-31,경기도,고양시 덕양구,주교동,10539,5470,5069,10491,5449,5042,-48,-21,-27
4128152000,2025-03-31,경기도,고양시 덕양구,원신동,22398,10661,11737,22375,10633,11742,-23,-28,5
4128153000,2025-03-31,경기도,고양시 덕양구,흥도동,29685,14576,15109,29663,14578,15085,-22,2,-24
4128154000,2025-03-31,경기도,고양시 덕양구,성사1동,23697,11795,11902,23723,11780,11943,26,-15,41
4128155000,2025-03-31,경기도,고양시 덕양구,성사2동,10401,4970,5431,10390,4969,5421,-11,-1,-10
4128156000,2025-03-31,경기도,고양시 덕양구,효자동,26235,12835,13400,26253,12849,13404,18,14,4
4128157600,2025-03-31,경기도,고양시 덕양구,삼송1동,22237,10645,11592,22205,10640,11565,-32,-5,-27
4128157700,2025-03-31,경기도,고양시 덕양구,삼송2동,28119,12921,15198,28125,12933,15192,6,12,-6
4128158000,2025-03-31,경기도,고양시 덕양구,창릉동,23103,11248,11855,23060,11243,11817,-43,-5,-38
4128159000,2025-03-31,경기도,고양시 덕양구,고양동,27590,13831,13759,27555,13803,13752,-35,-28,-7
4128160000,2025-03-31,경기도,고양시 덕양구,관산동,33944,17226,16718,33880,17183,16697,-64,-43,-21
4128161000,2025-03-31,경기도,고양시 덕양구,능곡동,17828,9094,8734,17714,9025,8689,-114,-69,-45
4128162100,2025-03-31,경기도,고양시 덕양구,화정1동,35171,17030,18141,35135,17002,18133,-36,-28,-8
4128162200,2025-03-31,경기도,고양시 덕양구,화정2동,31383,15077,16306,31364,15084,16280,-19,7,-26
4128163000,2025-03-31,경기도,고양시 덕양구,행주동,13396,7086,6310,13147,6950,6197,-249,-136,-113
4128164000,2025-03-31,경기도,고양시 덕양구,행신1동,20120,9758,10362,20141,9756,10385,21,-2,23
4128165000,2025-03-31,경기도,고양시 덕양구,행신2동,29729,14396,15333,29708,14393,15315,-21,-3,-18
4128165500,2025-03-31,경기도,고양시 덕양구,행신3동,22422,10563,11859,22459,10567,11892,37,4,33
4128165600,2025-03-31,경기도,고양시 덕양구,행신4동,19073,9630,9443,18989,9585,9404,-84,-45,-39
4128166000,2025-03-31,경기도,고양시 덕양구,화전동,27857,13885,13972,27838,13888,13950,-19,3,-22
4128167000,2025-03-31,경기도,고양시 덕양구,대덕동,16608,8433,8175,16681,8472,8209,73,39,34
4128551000,2025-03-31,경기도,고양시 일산동구,식사동,40706,19828,20878,40701,19803,20898,-5,-25,20
4128552500,2025-03-31,경기도,고양시 일산동구,중산1동,20336,9809,10527,20326,9814,10512,-10,5,-15
4128552600,2025-03-31,경기도,고양시 일산동구,중산2동,23251,11144,12107,23207,11100,12107,-44,-44,0
4128553000,2025-03-31,경기도,고양시 일산동구,정발산동,21386,10356,11030,21410,10367,11043,24,11,13
4128554000,2025-03-31,경기도,고양시 일산동구,풍산동,36699,17612,19087,36655,17591,19064,-44,-21,-23
4128555100,2025-03-31,경기도,고양시 일산동구,백석1동,28538,13605,14933,28513,13579,14934,-25,-26,1
4128555200,2025-03-31,경기도,고양시 일산동구,백석2동,20064,9543,10521,20083,9556,10527,19,13,6
4128556000,2025-03-31,경기도,고양시 일산동구,마두1동,22688,10844,11844,22639,10822,11817,-49,-22,-27
4128557000,2025-03-31,경기도,고양시 일산동구,마두2동,15340,7190,8150,15305,7161,8144,-35,-29,-6
4128558000,2025-03-31,경기도,고양시 일산동구,장항1동,16706,8383,8323,16723,8405,8318,17,22,-5
4128559000,2025-03-31,경기도,고양시 일산동구,장항2동,26650,13027,13623,26666,13031,13635,16,4,12
4128560000,2025-03-31,경기도,고양시 일산동구,고봉동,21228,11147,10081,21191,11140,10051,-37,-7,-30
4128751000,2025-03-31,경기도,고양시 일산서구,일산1동,25081,12032,13049,25083,12027,13056,2,-5,7
4128752000,2025-03-31,경기도,고양시 일산서구,일산2동,18737,9260,9477,18697,9235,9462,-40,-25,-15
4128753000,2025-03-31,경기도,고양시 일산서구,일산3동,33482,16122,17360,33419,16088,17331,-63,-34,-29
4128754500,2025-03-31,경기도,고양시 일산서구,탄현1동,29433,14477,14956,29421,14465,14956,-12,-12,0
4128754600,2025-03-31,경기도,고양시 일산서구,탄현2동,18873,9023,9850,18825,8991,9834,-48,-32,-16
4128755000,2025-03-31,경기도,고양시 일산서구,주엽1동,26238,12285,13953,26200,12257,13943,-38,-28,-10
4128756000,2025-03-31,경기도,고양시 일산서구,주엽2동,26832,12463,14369,26764,12427,14337,-68,-36,-32
4128757000,2025-03-31,경기도,고양시 일산서구,대화동,34040,16587,17453,33956,16533,17423,-84,-54,-30
4128758000,2025-03-31,경기도,고양시 일산서구,송포동,20226,9952,10274,20213,9939,10274,-13,-13,0
4128760000,2025-03-31,경기도,고양시 일산서구,덕이동,30841,15100,15741,30848,15101,15747,7,1,6
4128761000,2025-03-31,경기도,고양시 일산서구,가좌동,18382,9069,9313,18382,9066,9316,0,-3,3
4129051000,2025-03-31,경기도,과천시,중앙동,11317,5446,5871,11348,5470,5878,31,24,7
4129051500,2025-03-31,경기도,과천시,원문동,16101,7789,8312,16102,7792,8310,1,3,-2
4129052000,2025-03-31,경기도,과천시,갈현동,16905,8251,8654,17017,8311,8706,112,60,52
4129053000,2025-03-31,경기도,과천시,별양동,14733,7146,7587,14723,7139,7584,-10,-7,-3
4129054000,2025-03-31,경기도,과천시,부림동,13536,6621,6915,13057,6391,6666,-479,-230,-249
4129055000,2025-03-31,경기도,과천시,과천동,6175,3180,2995,6144,3153,2991,-31,-27,-4
4129056000,2025-03-31,경기도,과천시,문원동,6570,3195,3375,6612,3217,3395,42,22,20
4131051000,2025-03-31,경기도,구리시,갈매동,30409,14950,15459,30404,14951,15453,-5,1,-6
4131052000,2025-03-31,경기도,구리시,동구동,35248,17130,18118,35219,17114,18105,-29,-16,-13
4131053000,2025-03-31,경기도,구리시,인창동,23683,11547,12136,23672,11537,12135,-11,-10,-1
4131054100,2025-03-31,경기도,구리시,교문1동,14618,7552,7066,14617,7552,7065,-1,0,-1
4131054200,2025-03-31,경기도,구리시,교문2동,20807,10090,10717,20755,10057,10698,-52,-33,-19
4131057000,2025-03-31,경기도,구리시,수택1동,16653,8346,8307,16662,8359,8303,9,13,-4
4131058000,2025-03-31,경기도,구리시,수택2동,24147,12027,12120,24152,12023,12129,5,-4,9
4131059000,2025-03-31,경기도,구리시,수택3동,21039,10711,10328,21110,10744,10366,71,33,38
4136025000,2025-03-31,경기도,남양주시,와부읍,58086,28531,29555,57980,28471,29509,-106,-60,-46
4136025300,2025-03-31,경기도,남양주시,진접읍,95286,47871,47415,95246,47822,47424,-40,-49,9
4136025600,2025-03-31,경기도,남양주시,화도읍,63642,31709,31933,63618,31695,31923,-24,-14,-10
4136025700,2025-03-31,경기도,남양주시,화도읍동부출장소,13002,6565,6437,12964,6540,6424,-38,-25,-13
4136025800,2025-03-31,경기도,남양주시,화도읍남부출장소,35581,17811,17770,35509,17779,17730,-72,-32,-40
4136025900,2025-03-31,경기도,남양주시,진건읍,20116,10383,9733,20058,10348,9710,-58,-35,-23
4136026200,2025-03-31,경기도,남양주시,오남읍,51056,25442,25614,50965,25399,25566,-91,-43,-48
4136026500,2025-03-31,경기도,남양주시,퇴계원읍,26843,13293,13550,26742,13251,13491,-101,-42,-59
4136031000,2025-03-31,경기도,남양주시,별내면,18028,9013,9015,18013,9000,9013,-15,-13,-2
4136034000,2025-03-31,경기도,남양주시,수동면,8511,4450,4061,8500,4445,4055,-11,-5,-6
4136036000,2025-03-31,경기도,남양주시,조안면,3772,1944,1828,3759,1941,1818,-13,-3,-10
4136051000,2025-03-31,경기도,남양주시,호평동,55648,27047,28601,55616,27008,28608,-32,-39,7
4136052000,2025-03-31,경기도,남양주시,평내동,37413,18331,19082,37385,18320,19065,-28,-11,-17
4136053000,2025-03-31,경기도,남양주시,금곡동,17116,8734,8382,17253,8784,8469,137,50,87
4136054000,2025-03-31,경기도,남양주시,양정동,2346,1385,961,2318,1371,947,-28,-14,-14
4136054500,2025-03-31,경기도,남양주시,다산1동,105469,51472,53997,105555,51500,54055,86,28,58
4136056500,2025-03-31,경기도,남양주시,다산2동,36412,17752,18660,36395,17738,18657,-17,-14,-3
4136057000,2025-03-31,경기도,남양주시,별내동,82811,40145,42666,82841,40141,42700,30,-4,34
4137051000,2025-03-31,경기도,오산시,중앙동,33379,16739,16640,33316,16703,16613,-63,-36,-27
4137052300,2025-03-31,경기도,오산시,대원1동,45695,23742,21953,45573,23680,21893,-122,-62,-60
4137052600,2025-03-31,경기도,오산시,대원2동,24413,12775,11638,24352,12736,11616,-61,-39,-22
4137053000,2025-03-31,경기도,오산시,남촌동,28581,16451,12130,28650,16476,12174,69,25,44
4137054300,2025-03-31,경기도,오산시,신장1동,34874,17615,17259,35048,17699,17349,174,84,90
4137054600,2025-03-31,경기도,오산시,신장2동,22808,11754,11054,22783,11717,11066,-25,-37,12
4137055000,2025-03-31,경기도,오산시,세마동,31616,16350,15266,31746,16398,15348,130,48,82
4137056000,2025-03-31,경기도,오산시,초평동,21960,11419,10541,22816,11867,10949,856,448,408
4139051000,2025-03-31,경기도,시흥시,대야동,41896,21126,20770,41829,21088,20741,-67,-38,-29
4139052000,2025-03-31,경기도,시흥시,신천동,33173,17114,16059,33166,17133,16033,-7,19,-26
4139053100,2025-03-31,경기도,시흥시,신현동,9007,4735,4272,8976,4719,4257,-31,-16,-15
4139054000,2025-03-31,경기도,시흥시,은행동,54478,27138,27340,54496,27138,27358,18,0,18
4139055000,2025-03-31,경기도,시흥시,매화동,11215,5917,5298,11201,5900,5301,-14,-17,3
4139057000,2025-03-31,경기도,시흥시,목감동,40870,20712,20158,40811,20690,20121,-59,-22,-37
4139058100,2025-03-31,경기도,시흥시,군자동,21606,11230,10376,21571,11221,10350,-35,-9,-26
4139058200,2025-03-31,경기도,시흥시,월곶동,17477,9107,8370,17498,9110,8388,21,3,18
4139058900,2025-03-31,경기도,시흥시,정왕본동,17800,11250,6550,17776,11246,6530,-24,-4,-20
4139059100,2025-03-31,경기도,시흥시,정왕1동,20770,12393,8377,21059,12613,8446,289,220,69
4139059200,2025-03-31,경기도,시흥시,정왕2동,26995,13979,13016,26928,13941,12987,-67,-38,-29
4139059300,2025-03-31,경기도,시흥시,정왕3동,21458,12290,9168,21426,12279,9147,-32,-11,-21
4139059400,2025-03-31,경기도,시흥시,정왕4동,19631,9698,9933,19593,9671,9922,-38,-27,-11
4139059600,2025-03-31,경기도,시흥시,배곧1동,35125,17567,17558,35166,17579,17587,41,12,29
4139059700,2025-03-31,경기도,시흥시,배곧2동,35496,18467,17029,35382,18402,16980,-114,-65,-49
4139062100,2025-03-31,경기도,시흥시,과림동,1777,1085,692,1760,1078,682,-17,-7,-10
4139063000,2025-03-31,경기도,시흥시,연성동,23872,12159,11713,23877,12149,11728,5,-10,15
4139063100,2025-03-31,경기도,시흥시,장곡동,46726,23480,23246,46680,23466,23214,-46,-14,-32
4139064000,2025-03-31,경기도,시흥시,능곡동,26156,12952,13204,26139,12932,13207,-17,-20,3
4139065000,2025-03-31,경기도,시흥시,거북섬동,10947,6756,4191,10909,6732,4177,-38,-24,-14
4141051000,2025-03-31,경기도,군포시,군포1동,31342,16543,14799,31216,16460,14756,-126,-83,-43
4141052000,2025-03-31,경기도,군포시,군포2동,41153,20377,20776,41108,20355,20753,-45,-22,-23
4141054000,2025-03-31,경기도,군포시,산본1동,14422,7387,7035,14415,7398,7017,-7,11,-18
4141055000,2025-03-31,경기도,군포시,산본2동,25009,12104,12905,24955,12074,12881,-54,-30,-24
4141056000,2025-03-31,경기도,군포시,금정동,18895,9888,9007,18871,9889,8982,-24,1,-25
4141057000,2025-03-31,경기도,군포시,재궁동,17045,8096,8949,17023,8073,8950,-22,-23,1
4141058000,2025-03-31,경기도,군포시,오금동,19878,9564,10314,19871,9571,10300,-7,7,-14
4141059000,2025-03-31,경기도,군포시,수리동,15051,7154,7897,15001,7121,7880,-50,-33,-17
4141060000,2025-03-31,경기도,군포시,궁내동,19511,9536,9975,19464,9517,9947,-47,-19,-28
4141061000,2025-03-31,경기도,군포시,대야동,9085,4543,4542,9055,4532,4523,-30,-11,-19
4141062000,2025-03-31,경기도,군포시,광정동,23116,11207,11909,23121,11220,11901,5,13,-8
4141063000,2025-03-31,경기도,군포시,송부동,20298,10021,10277,20255,9998,10257,-43,-23,-20
4143051000,2025-03-31,경기도,의왕시,고천동,13673,6866,6807,13672,6872,6800,-1,6,-7
4143052000,2025-03-31,경기도,의왕시,부곡동,29153,14699,14454,29117,14673,14444,-36,-26,-10
4143053000,2025-03-31,경기도,의왕시,오전동,33470,16530,16940,33425,16510,16915,-45,-20,-25
4143054000,2025-03-31,경기도,의왕시,내손1동,19832,9740,10092,19832,9719,10113,0,-21,21
4143055000,2025-03-31,경기도,의왕시,내손2동,21088,10346,10742,21079,10338,10741,-9,-8,-1
4143056000,2025-03-31,경기도,의왕시,청계동,36868,18063,18805,36826,18038,18788,-42,-25,-17
4145051000,2025-03-31,경기도,하남시,천현동,5907,3241,2666,5882,3227,2655,-25,-14,-11
4145052000,2025-03-31,경기도,하남시,신장1동,6927,3611,3316,6911,3602,3309,-16,-9,-7
4145053000,2025-03-31,경기도,하남시,신장2동,45101,22219,22882,45060,22204,22856,-41,-15,-26
4145054000,2025-03-31,경기도,하남시,덕풍1동,14056,7099,6957,14065,7110,6955,9,11,-2
4145055000,2025-03-31,경기도,하남시,덕풍2동,17360,8720,8640,17338,8706,8632,-22,-14,-8
4145056000,2025-03-31,경기도,하남시,덕풍3동,27608,13702,13906,27620,13701,13919,12,-1,13
4145058000,2025-03-31,경기도,하남시,감북동,3085,1712,1373,3098,1717,1381,13,5,8
4145058200,2025-03-31,경기도,하남시,감일동,39584,19732,19852,39536,19690,19846,-48,-42,-6
4145058500,2025-03-31,경기도,하남시,위례동,35113,17254,17859,35078,17252,17826,-35,-2,-33
4145059000,2025-03-31,경기도,하남시,춘궁동,1118,713,405,1081,688,393,-37,-25,-12
4145060000,2025-03-31,경기도,하남시,초이동,3038,1711,1327,3025,1705,1320,-13,-6,-7
4145061000,2025-03-31,경기도,하남시,미사1동,53540,26271,27269,53487,26264,27223,-53,-7,-46
4145062000,2025-03-31,경기도,하남시,미사2동,46403,22720,23683,46396,22715,23681,-7,-5,-2
4145063000,2025-03-31,경기도,하남시,미사3동,29572,14555,15017,29547,14547,15000,-25,-8,-17
4146125000,2025-03-31,경기도,용인시 처인구,포곡읍,31195,16142,15053,31114,16107,15007,-81,-35,-46
4146125300,2025-03-31,경기도,용인시 처인구,모현읍,30764,15953,14811,31751,16453,15298,987,500,487
4146125600,2025-03-31,경기도,용인시 처인구,이동읍,19342,9957,9385,19337,9951,9386,-5,-6,1
4146125900,2025-03-31,경기도,용인시 처인구,남사읍,23611,11950,11661,23570,11932,11638,-41,-18,-23
4146134000,2025-03-31,경기도,용인시 처인구,원삼면,7628,4004,3624,7643,4012,3631,15,8,7
4146135000,2025-03-31,경기도,용인시 처인구,백암면,7880,4267,3613,7869,4264,3605,-11,-3,-8
4146136000,2025-03-31,경기도,용인시 처인구,양지면,19697,10427,9270,19743,10489,9254,46,62,-16
4146151000,2025-03-31,경기도,용인시 처인구,중앙동,26896,13601,13295,26828,13561,13267,-68,-40,-28
4146152500,2025-03-31,경기도,용인시 처인구,역북동,34866,17578,17288,34862,17583,17279,-4,5,-9
4146152600,2025-03-31,경기도,용인시 처인구,삼가동,11971,5946,6025,11959,5932,6027,-12,-14,2
4146153000,2025-03-31,경기도,용인시 처인구,유림동,51223,25836,25387,51381,25915,25466,158,79,79
4146154000,2025-03-31,경기도,용인시 처인구,동부동,12333,6347,5986,12348,6368,5980,15,21,-6
4146351000,2025-03-31,경기도,용인시 기흥구,신갈동,36475,18172,18303,36417,18139,18278,-58,-33,-25
4146351600,2025-03-31,경기도,용인시 기흥구,영덕1동,34338,17017,17321,34331,17023,17308,-7,6,-13
4146351700,2025-03-31,경기도,용인시 기흥구,영덕2동,19213,9466,9747,19162,9436,9726,-51,-30,-21
4146352000,2025-03-31,경기도,용인시 기흥구,구갈동,40102,20272,19830,40143,20292,19851,41,20,21
4146353000,2025-03-31,경기도,용인시 기흥구,상갈동,12549,6490,6059,12549,6476,6073,0,-14,14
4146353500,2025-03-31,경기도,용인시 기흥구,보라동,32629,16080,16549,32617,16087,16530,-12,7,-19
4146354000,2025-03-31,경기도,용인시 기흥구,기흥동,20831,10315,10516,20842,10332,10510,11,17,-6
4146355000,2025-03-31,경기도,용인시 기흥구,서농동,24905,12672,12233,24848,12651,12197,-57,-21,-36
4146356000,2025-03-31,경기도,용인시 기흥구,구성동,38609,18554,20055,38632,18553,20079,23,-1,24
4146357000,2025-03-31,경기도,용인시 기흥구,마북동,33545,16417,17128,33565,16414,17151,20,-3,23
4146357200,2025-03-31,경기도,용인시 기흥구,동백1동,31291,14976,16315,31227,14938,16289,-64,-38,-26
4146357500,2025-03-31,경기도,용인시 기흥구,동백2동,26381,12905,13476,26297,12868,13429,-84,-37,-47
4146357700,2025-03-31,경기도,용인시 기흥구,동백3동,26789,13024,13765,26810,13045,13765,21,21,0
4146358600,2025-03-31,경기도,용인시 기흥구,상하동,23137,11221,11916,23129,11226,11903,-8,5,-13
4146359000,2025-03-31,경기도,용인시 기흥구,보정동,34414,16829,17585,34356,16803,17553,-58,-26,-32
4146551000,2025-03-31,경기도,용인시 수지구,풍덕천1동,34836,17401,17435,34735,17347,17388,-101,-54,-47
4146552000,2025-03-31,경기도,용인시 수지구,풍덕천2동,41391,20386,21005,41353,20346,21007,-38,-40,2
4146553000,2025-03-31,경기도,용인시 수지구,신봉동,41227,19870,21357,41183,19845,21338,-44,-25,-19
4146554000,2025-03-31,경기도,용인시 수지구,죽전1동,28707,13885,14822,28816,13951,14865,109,66,43
4146555000,2025-03-31,경기도,용인시 수지구,죽전2동,17717,8704,9013,17693,8681,9012,-24,-23,-1
4146555500,2025-03-31,경기도,용인시 수지구,죽전3동,26395,12827,13568,26413,12855,13558,18,28,-10
4146556000,2025-03-31,경기도,용인시 수지구,동천동,50661,24837,25824,50638,24817,25821,-23,-20,-3
4146557000,2025-03-31,경기도,용인시 수지구,상현1동,19980,9576,10404,19981,9568,10413,1,-8,9
4146558000,2025-03-31,경기도,용인시 수지구,상현2동,32903,15925,16978,32820,15887,16933,-83,-38,-45
4146558500,2025-03-31,경기도,용인시 수지구,상현3동,27375,13154,14221,27384,13169,14215,9,15,-6
4146559000,2025-03-31,경기도,용인시 수지구,성복동,54721,26352,28369,54670,26316,28354,-51,-36,-15
4148025000,2025-03-31,경기도,파주시,문산읍,48382,24843,23539,48483,24879,23604,101,36,65
4148025300,2025-03-31,경기도,파주시,파주읍,13587,7244,6343,13534,7211,6323,-53,-33,-20
4148025600,2025-03-31,경기도,파주시,법원읍,9283,4920,4363,9274,4933,4341,-9,13,-22
4148026200,2025-03-31,경기도,파주시,조리읍,27646,13955,13691,27594,13937,13657,-52,-18,-34
4148031000,2025-03-31,경기도,파주시,월롱면,8176,5346,2830,8143,5323,2820,-33,-23,-10
4148032000,2025-03-31,경기도,파주시,탄현면,12706,6911,5795,12666,6894,5772,-40,-17,-23
4148035000,2025-03-31,경기도,파주시,광탄면,10271,5609,4662,10258,5603,4655,-13,-6,-7
4148036000,2025-03-31,경기도,파주시,파평면,3498,1852,1646,3499,1854,1645,1,2,-1
4148037000,2025-03-31,경기도,파주시,적성면,6587,3589,2998,6552,3571,2981,-35,-18,-17
4148039000,2025-03-31,경기도,파주시,장단면,683,376,307,686,377,309,3,1,2
4148051000,2025-03-31,경기도,파주시,금촌1동,21011,11317,9694,20994,11303,9691,-17,-14,-3
4148052000,2025-03-31,경기도,파주시,금촌2동,30504,14749,15755,30433,14724,15709,-71,-25,-46
4148053000,2025-03-31,경기도,파주시,금촌3동,24664,12528,12136,24640,12510,12130,-24,-18,-6
4148054000,2025-03-31,경기도,파주시,교하동,7141,3838,3303,7151,3846,3305,10,8,2
4148055000,2025-03-31,경기도,파주시,운정1동,51726,25401,26325,51645,25348,26297,-81,-53,-28
4148056000,2025-03-31,경기도,파주시,운정2동,63633,30876,32757,63571,30813,32758,-62,-63,1
4148057000,2025-03-31,경기도,파주시,운정3동,68260,33310,34950,68172,33251,34921,-88,-59,-29
4148058000,2025-03-31,경기도,파주시,운정4동,23730,11665,12065,23773,11682,12091,43,17,26
4148059000,2025-03-31,경기도,파주시,운정5동,55250,27529,27721,56001,27909,28092,751,380,371
4148060000,2025-03-31,경기도,파주시,운정6동,27979,14029,13950,28424,14267,14157,445,238,207
4150025000,2025-03-31,경기도,이천시,장호원읍,14296,7244,7052,14256,7235,7021,-40,-9,-31
4150025300,2025-03-31,경기도,이천시,부발읍,36894,19719,17175,36832,19697,17135,-62,-22,-40
4150031000,2025-03-31,경기도,이천시,신둔면,13708,7229,6479,13715,7234,6481,7,5,2
4150032000,2025-03-31,경기도,이천시,백사면,12192,6178,6014,12284,6231,6053,92,53,39
4150033000,2025-03-31,경기도,이천시,호법면,5647,3059,2588,5609,3034,2575,-38,-25,-13
4150034000,2025-03-31,경기도,이천시,마장면,16059,8683,7376,16077,8696,7381,18,13,5
4150035000,2025-03-31,경기도,이천시,대월면,14865,7814,7051,14929,7858,7071,64,44,20
4150036000,2025-03-31,경기도,이천시,모가면,4060,2212,1848,4062,2219,1843,2,7,-5
4150037000,2025-03-31,경기도,이천시,설성면,4353,2348,2005,4334,2339,1995,-19,-9,-10
4150038000,2025-03-31,경기도,이천시,율면,2462,1284,1178,2473,1291,1182,11,7,4
4150051000,2025-03-31,경기도,이천시,창전동,15542,7923,7619,15480,7895,7585,-62,-28,-34
4150051500,2025-03-31,경기도,이천시,증포동,56038,27969,28069,55980,27931,28049,-58,-38,-20
4150052000,2025-03-31,경기도,이천시,중리동,15154,8644,6510,15139,8635,6504,-15,-9,-6
4150053000,2025-03-31,경기도,이천시,관고동,11053,5670,5383,11095,5693,5402,42,23,19
4155025000,2025-03-31,경기도,안성시,공도읍,66562,33756,32806,66824,33872,32952,262,116,146
4155031000,2025-03-31,경기도,안성시,보개면,4897,2550,2347,4876,2537,2339,-21,-13,-8
4155032000,2025-03-31,경기도,안성시,금광면,6952,3446,3506,6917,3425,3492,-35,-21,-14
4155033000,2025-03-31,경기도,안성시,서운면,2997,1591,1406,2997,1592,1405,0,1,-1
4155034000,2025-03-31,경기도,안성시,미양면,5375,2971,2404,5381,2972,2409,6,1,5
4155035000,2025-03-31,경기도,안성시,대덕면,14391,8126,6265,14345,8090,6255,-46,-36,-10
4155036000,2025-03-31,경기도,안성시,양성면,4985,2623,2362,4970,2622,2348,-15,-1,-14
4155038000,2025-03-31,경기도,안성시,원곡면,6271,3535,2736,6269,3538,2731,-2,3,-5
4155039000,2025-03-31,경기도,안성시,일죽면,6996,3635,3361,7084,3693,3391,88,58,30
4155040000,2025-03-31,경기도,안성시,죽산면,6529,3485,3044,6507,3478,3029,-22,-7,-15
4155041000,2025-03-31,경기도,안성시,삼죽면,3646,1864,1782,3662,1865,1797,16,1,15
4155042000,2025-03-31,경기도,안성시,고삼면,1814,961,853,1808,965,843,-6,4,-10
4155051000,2025-03-31,경기도,안성시,안성1동,11207,5641,5566,11170,5633,5537,-37,-8,-29
4155052000,2025-03-31,경기도,안성시,안성2동,26408,13480,12928,26356,13463,12893,-52,-17,-35
4155053000,2025-03-31,경기도,안성시,안성3동,25531,12875,12656,25657,12932,12725,126,57,69
4157025000,2025-03-31,경기도,김포시,통진읍,34876,18465,16411,34890,18461,16429,14,-4,18
4157025300,2025-03-31,경기도,김포시,고촌읍,50574,25070,25504,50592,25090,25502,18,20,-2
4157025600,2025-03-31,경기도,김포시,양촌읍,30468,15993,14475,30525,16042,14483,57,49,8
4157034000,2025-03-31,경기도,김포시,대곶면,9247,5360,3887,9221,5341,3880,-26,-19,-7
4157035000,2025-03-31,경기도,김포시,월곶면,5135,2859,2276,5133,2854,2279,-2,-5,3
4157036000,2025-03-31,경기도,김포시,하성면,7739,4231,3508,7730,4228,3502,-9,-3,-6
4157051500,2025-03-31,경기도,김포시,김포본동,57661,28221,29440,57561,28184,29377,-100,-37,-63
4157052500,2025-03-31,경기도,김포시,장기본동,38772,18858,19914,38702,18824,19878,-70,-34,-36
4157054000,2025-03-31,경기도,김포시,사우동,20917,10421,10496,20878,10405,10473,-39,-16,-23
4157055000,2025-03-31,경기도,김포시,풍무동,59867,28901,30966,59877,28917,30960,10,16,-6
4157056000,2025-03-31,경기도,김포시,장기동,40414,19779,20635,40401,19770,20631,-13,-9,-4
4157057000,2025-03-31,경기도,김포시,구래동,45349,22645,22704,45310,22660,22650,-39,15,-54
4157057500,2025-03-31,경기도,김포시,마산동,35576,17582,17994,35551,17565,17986,-25,-17,-8
4157058000,2025-03-31,경기도,김포시,운양동,49134,23961,25173,49077,23924,25153,-57,-37,-20
4159025300,2025-03-31,경기도,화성시,봉담읍,107610,54510,53100,107849,54610,53239,239,100,139
4159025600,2025-03-31,경기도,화성시,우정읍,17063,9442,7621,17056,9440,7616,-7,-2,-5
4159025900,2025-03-31,경기도,화성시,향남읍,85332,45921,39411,85318,45919,39399,-14,-2,-12
4159026200,2025-03-31,경기도,화성시,남양읍,59824,32406,27418,59908,32446,27462,84,40,44
4159031000,2025-03-31,경기도,화성시,매송면,6401,3423,2978,6390,3416,2974,-11,-7,-4
4159032000,2025-03-31,경기도,화성시,비봉면,12648,7022,5626,13209,7310,5899,561,288,273
4159033000,2025-03-31,경기도,화성시,마도면,6595,3953,2642,6578,3946,2632,-17,-7,-10
4159034000,2025-03-31,경기도,화성시,송산면,10548,5818,4730,10533,5816,4717,-15,-2,-13
4159035000,2025-03-31,경기도,화성시,서신면,7157,3963,3194,7129,3951,3178,-28,-12,-16
4159036000,2025-03-31,경기도,화성시,팔탄면,9350,5654,3696,9333,5646,3687,-17,-8,-9
4159037000,2025-03-31,경기도,화성시,장안면,9549,5526,4023,9516,5514,4002,-33,-12,-21
4159040000,2025-03-31,경기도,화성시,양감면,3873,2389,1484,3852,2384,1468,-21,-5,-16
4159041000,2025-03-31,경기도,화성시,정남면,10549,6194,4355,10535,6186,4349,-14,-8,-6
4159051500,2025-03-31,경기도,화성시,새솔동,26957,13541,13416,26938,13522,13416,-19,-19,0
4159052000,2025-03-31,경기도,화성시,진안동,49783,26942,22841,49747,26924,22823,-36,-18,-18
4159053000,2025-03-31,경기도,화성시,병점1동,36230,18676,17554,36186,18631,17555,-44,-45,1
4159054000,2025-03-31,경기도,화성시,병점2동,22426,10860,11566,22385,10826,11559,-41,-34,-7
4159055000,2025-03-31,경기도,화성시,반월동,37078,18719,18359,37026,18693,18333,-52,-26,-26
4159056000,2025-03-31,경기도,화성시,기배동,15876,8009,7867,15860,7999,7861,-16,-10,-6
4159057000,2025-03-31,경기도,화성시,화산동,27811,14710,13101,27834,14701,13133,23,-9,32
4159058500,2025-03-31,경기도,화성시,동탄1동,50077,25903,24174,50050,25887,24163,-27,-16,-11
4159058600,2025-03-31,경기도,화성시,동탄2동,34226,16747,17479,34194,16739,17455,-32,-8,-24
4159058700,2025-03-31,경기도,화성시,동탄3동,40271,20778,19493,40234,20762,19472,-37,-16,-21
4159058800,2025-03-31,경기도,화성시,동탄4동,53273,26592,26681,53212,26560,26652,-61,-32,-29
4159059000,2025-03-31,경기도,화성시,동탄5동,48138,24218,23920,48234,24278,23956,96,60,36
4159060000,2025-03-31,경기도,화성시,동탄6동,44979,23015,21964,45646,23329,22317,667,314,353
4159061000,2025-03-31,경기도,화성시,동탄7동,56982,28631,28351,57007,28633,28374,25,2,23
4159062000,2025-03-31,경기도,화성시,동탄8동,37426,18785,18641,37436,18785,18651,10,0,10
4159063000,2025-03-31,경기도,화성시,동탄9동,47013,23593,23420,47460,23822,23638,447,229,218
4161025300,2025-03-31,경기도,광주시,초월읍,51739,26703,25036,51824,26751,25073,85,48,37
4161025900,2025-03-31,경기도,광주시,곤지암읍,21373,11542,9831,21355,11544,9811,-18,2,-20
4161033000,2025-03-31,경기도,광주시,도척면,9047,4965,4082,9043,4963,4080,-4,-2,-2
4161034000,2025-03-31,경기도,광주시,퇴촌면,15511,7866,7645,15502,7848,7654,-9,-18,9
4161035000,2025-03-31,경기도,광주시,남종면,1378,745,633,1371,735,636,-7,-10,3
4161037000,2025-03-31,경기도,광주시,남한산성면,2217,1143,1074,2207,1142,1065,-10,-1,-9
4161051000,2025-03-31,경기도,광주시,경안동,28015,14359,13656,27985,14337,13648,-30,-22,-8
4161052000,2025-03-31,경기도,광주시,송정동,22811,11545,11266,22792,11534,11258,-19,-11,-8
4161054000,2025-03-31,경기도,광주시,쌍령동,17355,8710,8645,17342,8707,8635,-13,-3,-10
4161055000,2025-03-31,경기도,광주시,탄벌동,42396,21506,20890,42479,21518,20961,83,12,71
4161056000,2025-03-31,경기도,광주시,광남1동,31485,16169,15316,31449,16144,15305,-36,-25,-11
4161057000,2025-03-31,경기도,광주시,광남2동,33045,16332,16713,33010,16300,16710,-35,-32,-3
4161058000,2025-03-31,경기도,광주시,오포1동,30180,15336,14844,30179,15338,14841,-1,2,-3
4161059000,2025-03-31,경기도,광주시,오포2동,32323,16436,15887,32285,16416,15869,-38,-20,-18
4161060000,2025-03-31,경기도,광주시,신현동,35669,17764,17905,35667,17770,17897,-2,6,-8
4161061000,2025-03-31,경기도,광주시,능평동,22497,11232,11265,22440,11185,11255,-57,-47,-10
4163025000,2025-03-31,경기도,양주시,백석읍,25485,12881,12604,25504,12886,12618,19,5,14
4163031000,2025-03-31,경기도,양주시,은현면,5153,2956,2197,5138,2951,2187,-15,-5,-10
4163032000,2025-03-31,경기도,양주시,남면,6097,3443,2654,6052,3425,2627,-45,-18,-27
4163033000,2025-03-31,경기도,양주시,광적면,10601,5750,4851,10588,5749,4839,-13,-1,-12
4163034000,2025-03-31,경기도,양주시,장흥면,11924,6020,5904,12027,6063,5964,103,43,60
4163051000,2025-03-31,경기도,양주시,양주1동,4504,2324,2180,4500,2325,2175,-4,1,-5
4163052000,2025-03-31,경기도,양주시,양주2동,49268,24067,25201,49233,24054,25179,-35,-13,-22
4163053000,2025-03-31,경기도,양주시,회천1동,8665,4529,4136,8668,4521,4147,3,-8,11
4163054000,2025-03-31,경기도,양주시,회천2동,45572,22896,22676,45809,23015,22794,237,119,118
4163055000,2025-03-31,경기도,양주시,회천3동,24940,12353,12587,24929,12334,12595,-11,-19,8
4163057000,2025-03-31,경기도,양주시,옥정1동,39729,20127,19602,39925,20216,19709,196,89,107
4163058000,2025-03-31,경기도,양주시,옥정2동,57843,28483,29360,57877,28496,29381,34,13,21
4165025000,2025-03-31,경기도,포천시,소흘읍,42841,21781,21060,42856,21786,21070,15,5,10
4165031000,2025-03-31,경기도,포천시,군내면,9769,5177,4592,9771,5182,4589,2,5,-3
4165032000,2025-03-31,경기도,포천시,내촌면,4167,2431,1736,4170,2430,1740,3,-1,4
4165033000,2025-03-31,경기도,포천시,가산면,6890,4085,2805,6888,4084,2804,-2,-1,-1
4165034000,2025-03-31,경기도,포천시,신북면,11242,6226,5016,11201,6212,4989,-41,-14,-27
4165035000,2025-03-31,경기도,포천시,창수면,2006,1107,899,2007,1101,906,1,-6,7
4165036000,2025-03-31,경기도,포천시,영중면,4502,2414,2088,4487,2410,2077,-15,-4,-11
4165037000,2025-03-31,경기도,포천시,일동면,8869,4646,4223,8848,4637,4211,-21,-9,-12
4165038000,2025-03-31,경기도,포천시,이동면,5517,2988,2529,5556,3007,2549,39,19,20
4165039000,2025-03-31,경기도,포천시,영북면,7400,4013,3387,7395,3999,3396,-5,-14,9
4165040000,2025-03-31,경기도,포천시,관인면,2506,1308,1198,2503,1311,1192,-3,3,-6
4165041000,2025-03-31,경기도,포천시,화현면,2338,1258,1080,2353,1268,1085,15,10,5
4165051000,2025-03-31,경기도,포천시,포천동,19231,9702,9529,19276,9728,9548,45,26,19
4165052000,2025-03-31,경기도,포천시,선단동,13984,7553,6431,13975,7547,6428,-9,-6,-3
4167025000,2025-03-31,경기도,여주시,가남읍,14124,7430,6694,14109,7434,6675,-15,4,-19
4167031000,2025-03-31,경기도,여주시,점동면,4651,2398,2253,4644,2387,2257,-7,-11,4
4167032000,2025-03-31,경기도,여주시,흥천면,4903,2603,2300,4892,2590,2302,-11,-13,2
4167033000,2025-03-31,경기도,여주시,금사면,2856,1474,1382,2840,1469,1371,-16,-5,-11
4167034500,2025-03-31,경기도,여주시,세종대왕면,5715,2938,2777,5696,2932,2764,-19,-6,-13
4167035000,2025-03-31,경기도,여주시,대신면,6536,3393,3143,6518,3383,3135,-18,-10,-8
4167036000,2025-03-31,경기도,여주시,북내면,4661,2441,2220,4651,2434,2217,-10,-7,-3
4167037000,2025-03-31,경기도,여주시,강천면,4306,2237,2069,4318,2250,2068,12,13,-1
4167038000,2025-03-31,경기도,여주시,산북면,2423,1241,1182,2422,1242,1180,-1,1,-2
4167051000,2025-03-31,경기도,여주시,여흥동,20638,10424,10214,20634,10437,10197,-4,13,-17
4167052000,2025-03-31,경기도,여주시,중앙동,25383,12657,12726,25390,12639,12751,7,-18,25
4167053000,2025-03-31,경기도,여주시,오학동,18208,9040,9168,18222,9047,9175,14,7,7
4180025000,2025-03-31,경기도,연천군,연천읍,7743,4134,3609,7749,4123,3626,6,-11,17
4180025300,2025-03-31,경기도,연천군,전곡읍,18014,9231,8783,18091,9258,8833,77,27,50
4180031000,2025-03-31,경기도,연천군,군남면,2907,1540,1367,2897,1540,1357,-10,0,-10
4180032000,2025-03-31,경기도,연천군,청산면,4057,2170,1887,4041,2169,1872,-16,-1,-15
4180033000,2025-03-31,경기도,연천군,백학면,2423,1291,1132,2405,1284,1121,-18,-7,-11
4180034000,2025-03-31,경기도,연천군,미산면,1628,887,741,1620,883,737,-8,-4,-4
4180035000,2025-03-31,경기도,연천군,왕징면,955,514,441,950,509,441,-5,-5,0
4180036000,2025-03-31,경기도,연천군,신서면,2394,1228,1166,2382,1218,1164,-12,-10,-2
4180037000,2025-03-31,경기도,연천군,중면,157,88,69,164,91,73,7,3,4
4180038000,2025-03-31,경기도,연천군,장남면,696,355,341,701,358,343,5,3,2
4182025000,2025-03-31,경기도,가평군,가평읍,21280,10772,10508,21248,10763,10485,-32,-9,-23
4182031000,2025-03-31,경기도,가평군,설악면,9660,4980,4680,9642,4986,4656,-18,6,-24
4182032500,2025-03-31,경기도,가평군,청평면,13312,6815,6497,13320,6816,6504,8,1,7
4182033000,2025-03-31,경기도,가평군,상면,5377,2827,2550,5367,2821,2546,-10,-6,-4
4182034500,2025-03-31,경기도,가평군,조종면,9152,4860,4292,9132,4850,4282,-20,-10,-10
4182035000,2025-03-31,경기도,가평군,북면,3528,1829,1699,3525,1826,1699,-3,-3,0
4183025000,2025-03-31,경기도,양평군,양평읍,37718,18806,18912,37782,18830,18952,64,24,40
4183031000,2025-03-31,경기도,양평군,강상면,10116,5038,5078,10095,5014,5081,-21,-24,3
4183032000,2025-03-31,경기도,양평군,강하면,4847,2432,2415,4837,2425,2412,-10,-7,-3
4183033000,2025-03-31,경기도,양평군,양서면,13870,6828,7042,13874,6831,7043,4,3,1
4183034000,2025-03-31,경기도,양평군,옥천면,8017,4077,3940,8008,4067,3941,-9,-10,1
4183035000,2025-03-31,경기도,양평군,서종면,9864,4894,4970,9869,4911,4958,5,17,-12
4183036000,2025-03-31,경기도,양평군,단월면,3930,2031,1899,3905,2017,1888,-25,-14,-11
4183037000,2025-03-31,경기도,양평군,청운면,3714,1918,1796,3695,1903,1792,-19,-15,-4
4183038000,2025-03-31,경기도,양평군,양동면,4489,2270,2219,4483,2273,2210,-6,3,-9
4183039500,2025-03-31,경기도,양평군,지평면,6626,3372,3254,6623,3379,3244,-3,7,-10
4183040000,2025-03-31,경기도,양평군,용문면,18334,9181,9153,18348,9189,9159,14,8,6
4183041000,2025-03-31,경기도,양평군,개군면,5098,2611,2487,5099,2612,2487,1,1,0
4311131000,2025-03-31,충청북도,청주시 상당구,낭성면,2101,1105,996,2096,1103,993,-5,-2,-3
4311132000,2025-03-31,충청북도,청주시 상당구,미원면,4548,2338,2210,4540,2333,2207,-8,-5,-3
4311133000,2025-03-31,충청북도,청주시 상당구,가덕면,3662,1873,1789,3656,1872,1784,-6,-1,-5
4311134000,2025-03-31,충청북도,청주시 상당구,남일면,6465,3315,3150,6467,3324,3143,2,9,-7
4311135000,2025-03-31,충청북도,청주시 상당구,문의면,3567,1881,1686,3556,1874,1682,-11,-7,-4
4311152500,2025-03-31,충청북도,청주시 상당구,중앙동,6452,3170,3282,6446,3167,3279,-6,-3,-3
4311154500,2025-03-31,충청북도,청주시 상당구,성안동,6266,3136,3130,6228,3126,3102,-38,-10,-28
4311162000,2025-03-31,충청북도,청주시 상당구,탑대성동,11306,5482,5824,11313,5486,5827,7,4,3
4311167000,2025-03-31,충청북도,청주시 상당구,영운동,9806,4890,4916,9808,4889,4919,2,-1,3
4311168000,2025-03-31,충청북도,청주시 상당구,금천동,29051,14083,14968,29018,14070,14948,-33,-13,-20
4311169000,2025-03-31,충청북도,청주시 상당구,용담.명암.산성동,12584,6206,6378,12564,6187,6377,-20,-19,-1
4311172000,2025-03-31,충청북도,청주시 상당구,용암1동,57446,28857,28589,57454,28885,28569,8,28,-20
4311173000,2025-03-31,충청북도,청주시 상당구,용암2동,44313,21770,22543,44350,21761,22589,37,-9,46
4311231000,2025-03-31,충청북도,청주시 서원구,남이면,9701,5109,4592,9695,5116,4579,-6,7,-13
4311232000,2025-03-31,충청북도,청주시 서원구,현도면,2978,1552,1426,2977,1548,1429,-1,-4,3
4311251000,2025-03-31,충청북도,청주시 서원구,사직1동,4065,2081,1984,4054,2079,1975,-11,-2,-9
4311252000,2025-03-31,충청북도,청주시 서원구,사직2동,11423,5606,5817,11324,5559,5765,-99,-47,-52
4311253000,2025-03-31,충청북도,청주시 서원구,사창동,14227,7283,6944,14240,7300,6940,13,17,-4
4311254000,2025-03-31,충청북도,청주시 서원구,모충동,16705,8339,8366,16664,8318,8346,-41,-21,-20
4311255000,2025-03-31,충청북도,청주시 서원구,산남동,25016,12524,12492,25045,12548,12497,29,24,5
4311256000,2025-03-31,충청북도,청주시 서원구,분평동,28043,13541,14502,28025,13530,14495,-18,-11,-7
4311257000,2025-03-31,충청북도,청주시 서원구,수곡1동,12548,6316,6232,12531,6305,6226,-17,-11,-6
4311258000,2025-03-31,충청북도,청주시 서원구,수곡2동,14854,7338,7516,14825,7323,7502,-29,-15,-14
4311259000,2025-03-31,충청북도,청주시 서원구,성화.개신.죽림동,41764,20638,21126,41784,20651,21133,20,13,7
4311325000,2025-03-31,충청북도,청주시 흥덕구,오송읍,43200,21753,21447,43499,21884,21615,299,131,168
4311331000,2025-03-31,충청북도,청주시 흥덕구,강내면,10456,5384,5072,10567,5442,5125,111,58,53
4311332000,2025-03-31,충청북도,청주시 흥덕구,옥산면,17096,8730,8366,17071,8715,8356,-25,-15,-10
4311370000,2025-03-31,충청북도,청주시 흥덕구,운천.신봉동,13786,6772,7014,13725,6747,6978,-61,-25,-36
4311374100,2025-03-31,충청북도,청주시 흥덕구,복대1동,51068,26233,24835,50998,26212,24786,-70,-21,-49
4311374200,2025-03-31,충청북도,청주시 흥덕구,복대2동,15195,7897,7298,15188,7917,7271,-7,20,-27
4311374700,2025-03-31,충청북도,청주시 흥덕구,가경동,53279,26045,27234,53240,26021,27219,-39,-24,-15
4311375100,2025-03-31,충청북도,청주시 흥덕구,봉명1동,12912,6787,6125,12909,6798,6111,-3,11,-14
4311375600,2025-03-31,충청북도,청주시 흥덕구,봉명2.송정동,23207,12632,10575,23213,12621,10592,6,-11,17
4311376000,2025-03-31,충청북도,청주시 흥덕구,강서제1동,30647,15513,15134,30602,15471,15131,-45,-42,-3
4311377000,2025-03-31,충청북도,청주시 흥덕구,강서제2동,16314,8553,7761,16332,8555,7777,18,2,16
4311425000,2025-03-31,충청북도,청주시 청원구,내수읍,18999,9855,9144,18975,9839,9136,-24,-16,-8
4311425300,2025-03-31,충청북도,청주시 청원구,오창읍,68582,36566,32016,68563,36579,31984,-19,13,-32
4311431000,2025-03-31,충청북도,청주시 청원구,북이면,4148,2229,1919,4113,2210,1903,-35,-19,-16
4311451000,2025-03-31,충청북도,청주시 청원구,우암동,12042,6014,6028,12071,6033,6038,29,19,10
4311452000,2025-03-31,충청북도,청주시 청원구,내덕1동,7760,3895,3865,7757,3893,3864,-3,-2,-1
4311453000,2025-03-31,충청북도,청주시 청원구,내덕2동,12820,6592,6228,12800,6572,6228,-20,-20,0
4311454000,2025-03-31,충청북도,청주시 청원구,율량.사천동,47042,23525,23517,46994,23512,23482,-48,-13,-35
4311455000,2025-03-31,충청북도,청주시 청원구,오근장동,17653,8673,8980,17649,8658,8991,-4,-15,11
4313025000,2025-03-31,충청북도,충주시,주덕읍,7619,3872,3747,7825,3974,3851,206,102,104
4313031000,2025-03-31,충청북도,충주시,살미면,1906,976,930,1904,972,932,-2,-4,2
4313032500,2025-03-31,충청북도,충주시,수안보면,2752,1385,1367,2747,1377,1370,-5,-8,3
4313033500,2025-03-31,충청북도,충주시,대소원면,9798,5644,4154,9796,5635,4161,-2,-9,7
4313035000,2025-03-31,충청북도,충주시,신니면,2670,1382,1288,2668,1383,1285,-2,1,-3
4313036000,2025-03-31,충청북도,충주시,노은면,2161,1109,1052,2164,1111,1053,3,2,1
4313037000,2025-03-31,충청북도,충주시,앙성면,3855,1994,1861,3841,1990,1851,-14,-4,-10
4313038500,2025-03-31,충청북도,충주시,중앙탑면,14641,7578,7063,14594,7552,7042,-47,-26,-21
4313039000,2025-03-31,충청북도,충주시,금가면,3794,2070,1724,3782,2066,1716,-12,-4,-8
4313040000,2025-03-31,충청북도,충주시,동량면,3387,1742,1645,3370,1734,1636,-17,-8,-9
4313041000,2025-03-31,충청북도,충주시,산척면,2161,1106,1055,2161,1112,1049,0,6,-6
4313042000,2025-03-31,충청북도,충주시,엄정면,2974,1529,1445,2970,1527,1443,-4,-2,-2
4313043000,2025-03-31,충청북도,충주시,소태면,1837,962,875,1827,953,874,-10,-9,-1
4313051500,2025-03-31,충청북도,충주시,성내.충인동,2389,1177,1212,2406,1191,1215,17,14,3
4313053500,2025-03-31,충청북도,충주시,교현.안림동,21974,10856,11118,21925,10825,11100,-49,-31,-18
4313054000,2025-03-31,충청북도,충주시,교현2동,6174,3065,3109,6161,3060,3101,-13,-5,-8
4313055000,2025-03-31,충청북도,충주시,용산동,13891,6828,7063,13828,6787,7041,-63,-41,-22
4313056000,2025-03-31,충청북도,충주시,지현동,4830,2384,2446,4832,2394,2438,2,10,-8
4313057100,2025-03-31,충청북도,충주시,문화동,8692,4347,4345,8666,4332,4334,-26,-15,-11
4313058000,2025-03-31,충청북도,충주시,호암.직동,22109,11041,11068,22106,11045,11061,-3,4,-7
4313060500,2025-03-31,충청북도,충주시,달천동,4050,2155,1895,4051,2145,1906,1,-10,11
4313061000,2025-03-31,충청북도,충주시,봉방동,9187,4775,4412,9182,4773,4409,-5,-2,-3
4313062500,2025-03-31,충청북도,충주시,칠금.금릉동,13518,6639,6879,13508,6633,6875,-10,-6,-4
4313063000,2025-03-31,충청북도,충주시,연수동,34719,17234,17485,34647,17191,17456,-72,-43,-29
4313064000,2025-03-31,충청북도,충주시,목행.용탄동,6192,3266,2926,6161,3246,2915,-31,-20,-11
4315025000,2025-03-31,충청북도,제천시,봉양읍,6542,3351,3191,6513,3330,3183,-29,-21,-8
4315031000,2025-03-31,충청북도,제천시,금성면,1746,939,807,1744,937,807,-2,-2,0
4315032000,2025-03-31,충청북도,제천시,청풍면,1253,651,602,1251,649,602,-2,-2,0
4315033000,2025-03-31,충청북도,제천시,수산면,1974,1052,922,1970,1049,921,-4,-3,-1
4315034000,2025-03-31,충청북도,제천시,덕산면,2082,1051,1031,2077,1047,1030,-5,-4,-1
4315035000,2025-03-31,충청북도,제천시,한수면,666,343,323,671,346,325,5,3,2
4315036000,2025-03-31,충청북도,제천시,백운면,3294,1710,1584,3295,1715,1580,1,5,-4
4315038000,2025-03-31,충청북도,제천시,송학면,4603,2449,2154,4630,2467,2163,27,18,9
4315051000,2025-03-31,충청북도,제천시,교동,18855,9351,9504,18904,9379,9525,49,28,21
4315051800,2025-03-31,충청북도,제천시,의림지동,9701,4854,4847,9752,4888,4864,51,34,17
4315052800,2025-03-31,충청북도,제천시,중앙동,5285,2626,2659,5277,2622,2655,-8,-4,-4
4315053700,2025-03-31,충청북도,제천시,남현동,4624,2296,2328,4611,2291,2320,-13,-5,-8
4315054700,2025-03-31,충청북도,제천시,영서동,9690,4860,4830,9678,4847,4831,-12,-13,1
4315056000,2025-03-31,충청북도,제천시,용두동,18201,9057,9144,18872,9421,9451,671,364,307
4315057700,2025-03-31,충청북도,제천시,신백동,10394,5213,5181,10402,5212,5190,8,-1,9
4315059000,2025-03-31,충청북도,제천시,청전동,14562,7359,7203,14535,7340,7195,-27,-19,-8
4315060500,2025-03-31,충청북도,제천시,화산동,14535,7378,7157,14520,7378,7142,-15,0,-15
4372025000,2025-03-31,충청북도,보은군,보은읍,14124,7071,7053,14076,7041,7035,-48,-30,-18
4372031500,2025-03-31,충청북도,보은군,속리산면,1677,864,813,1685,868,817,8,4,4
4372032500,2025-03-31,충청북도,보은군,장안면,1382,733,649,1383,732,651,1,-1,2
4372033000,2025-03-31,충청북도,보은군,마로면,2068,1011,1057,2061,1010,1051,-7,-1,-6
4372034000,2025-03-31,충청북도,보은군,탄부면,1543,772,771,1550,778,772,7,6,1
4372035000,2025-03-31,충청북도,보은군,삼승면,2167,1107,1060,2164,1104,1060,-3,-3,0
4372036000,2025-03-31,충청북도,보은군,수한면,1772,911,861,1766,907,859,-6,-4,-2
4372037000,2025-03-31,충청북도,보은군,회남면,711,398,313,706,395,311,-5,-3,-2
4372038500,2025-03-31,충청북도,보은군,회인면,1668,839,829,1667,837,830,-1,-2,1
4372039000,2025-03-31,충청북도,보은군,내북면,1618,831,787,1624,831,793,6,0,6
4372040000,2025-03-31,충청북도,보은군,산외면,1675,916,759,1674,918,756,-1,2,-3
4373025000,2025-03-31,충청북도,옥천군,옥천읍,28050,14043,14007,28245,14153,14092,195,110,85
4373031000,2025-03-31,충청북도,옥천군,동이면,3056,1582,1474,3036,1577,1459,-20,-5,-15
4373032000,2025-03-31,충청북도,옥천군,안남면,1315,679,636,1311,677,634,-4,-2,-2
4373033000,2025-03-31,충청북도,옥천군,안내면,1865,961,904,1856,958,898,-9,-3,-6
4373034000,2025-03-31,충청북도,옥천군,청성면,2255,1153,1102,2244,1147,1097,-11,-6,-5
4373035000,2025-03-31,충청북도,옥천군,청산면,2791,1384,1407,2787,1379,1408,-4,-5,1
4373036000,2025-03-31,충청북도,옥천군,이원면,3822,1969,1853,3816,1965,1851,-6,-4,-2
4373037000,2025-03-31,충청북도,옥천군,군서면,2071,1086,985,2070,1082,988,-1,-4,3
4373038000,2025-03-31,충청북도,옥천군,군북면,2858,1483,1375,2853,1482,1371,-5,-1,-4
4374025000,2025-03-31,충청북도,영동군,영동읍,19123,9531,9592,19045,9496,9549,-78,-35,-43
4374031000,2025-03-31,충청북도,영동군,용산면,3197,1668,1529,3205,1666,1539,8,-2,10
4374032000,2025-03-31,충청북도,영동군,황간면,3878,1956,1922,3871,1954,1917,-7,-2,-5
4374033500,2025-03-31,충청북도,영동군,추풍령면,2117,1060,1057,2113,1062,1051,-4,2,-6
4374034000,2025-03-31,충청북도,영동군,매곡면,1790,916,874,1786,914,872,-4,-2,-2
4374035000,2025-03-31,충청북도,영동군,상촌면,2145,1061,1084,2137,1057,1080,-8,-4,-4
4374036000,2025-03-31,충청북도,영동군,양강면,2948,1501,1447,2929,1496,1433,-19,-5,-14
4374037000,2025-03-31,충청북도,영동군,용화면,907,469,438,904,469,435,-3,0,-3
4374038000,2025-03-31,충청북도,영동군,학산면,2581,1302,1279,2588,1311,1277,7,9,-2
4374039000,2025-03-31,충청북도,영동군,양산면,1733,868,865,1727,867,860,-6,-1,-5
4374040000,2025-03-31,충청북도,영동군,심천면,2934,1497,1437,2912,1490,1422,-22,-7,-15
4374525000,2025-03-31,충청북도,증평군,증평읍,35391,18417,16974,35409,18440,16969,18,23,-5
4374531000,2025-03-31,충청북도,증평군,도안면,1660,885,775,1666,889,777,6,4,2
4375025000,2025-03-31,충청북도,진천군,진천읍,29380,15292,14088,29341,15261,14080,-39,-31,-8
4375025300,2025-03-31,충청북도,진천군,덕산읍,31386,16584,14802,31358,16588,14770,-28,4,-32
4375032000,2025-03-31,충청북도,진천군,초평면,2922,1542,1380,2924,1545,1379,2,3,-1
4375033000,2025-03-31,충청북도,진천군,문백면,3294,1747,1547,3301,1752,1549,7,5,2
4375034000,2025-03-31,충청북도,진천군,백곡면,2044,1050,994,2039,1044,995,-5,-6,1
4375035000,2025-03-31,충청북도,진천군,이월면,6382,3415,2967,6378,3419,2959,-4,4,-8
4375037000,2025-03-31,충청북도,진천군,광혜원면,10806,5933,4873,10779,5919,4860,-27,-14,-13
4376025000,2025-03-31,충청북도,괴산군,괴산읍,9152,4685,4467,9160,4691,4469,8,6,2
4376031000,2025-03-31,충청북도,괴산군,감물면,1964,1024,940,1962,1024,938,-2,0,-2
4376032000,2025-03-31,충청북도,괴산군,장연면,1896,987,909,1888,985,903,-8,-2,-6
4376033000,2025-03-31,충청북도,괴산군,연풍면,2185,1153,1032,2176,1148,1028,-9,-5,-4
4376034000,2025-03-31,충청북도,괴산군,칠성면,3080,1574,1506,3088,1576,1512,8,2,6
4376035000,2025-03-31,충청북도,괴산군,문광면,2135,1135,1000,2129,1133,996,-6,-2,-4
4376036000,2025-03-31,충청북도,괴산군,청천면,5069,2621,2448,5065,2619,2446,-4,-2,-2
4376037000,2025-03-31,충청북도,괴산군,청안면,3257,1686,1571,3247,1683,1564,-10,-3,-7
4376039000,2025-03-31,충청북도,괴산군,사리면,2528,1314,1214,2520,1311,1209,-8,-3,-5
4376040000,2025-03-31,충청북도,괴산군,소수면,2134,1113,1021,2139,1117,1022,5,4,1
4376041000,2025-03-31,충청북도,괴산군,불정면,2651,1403,1248,2636,1395,1241,-15,-8,-7
4377025000,2025-03-31,충청북도,음성군,음성읍,16072,8284,7788,16019,8272,7747,-53,-12,-41
4377025300,2025-03-31,충청북도,음성군,금왕읍,18767,10127,8640,18852,10172,8680,85,45,40
4377031000,2025-03-31,충청북도,음성군,소이면,2730,1434,1296,2734,1439,1295,4,5,-1
4377032000,2025-03-31,충청북도,음성군,원남면,2985,1579,1406,2980,1579,1401,-5,0,-5
4377033000,2025-03-31,충청북도,음성군,맹동면,12990,6838,6152,13030,6852,6178,40,14,26
4377034000,2025-03-31,충청북도,음성군,대소면,17469,9566,7903,17629,9649,7980,160,83,77
4377035000,2025-03-31,충청북도,음성군,삼성면,6337,3533,2804,6346,3538,2808,9,5,4
4377036000,2025-03-31,충청북도,음성군,생극면,4387,2406,1981,4368,2400,1968,-19,-6,-13
4377037000,2025-03-31,충청북도,음성군,감곡면,9646,4981,4665,9671,5000,4671,25,19,6
4380025000,2025-03-31,충청북도,단양군,단양읍,10133,5124,5009,10111,5114,4997,-22,-10,-12
4380025300,2025-03-31,충청북도,단양군,매포읍,4806,2518,2288,4786,2502,2284,-20,-16,-4
4380031000,2025-03-31,충청북도,단양군,대강면,2292,1137,1155,2286,1134,1152,-6,-3,-3
4380032000,2025-03-31,충청북도,단양군,가곡면,1981,1044,937,1989,1049,940,8,5,3
4380033000,2025-03-31,충청북도,단양군,영춘면,3073,1474,1599,3075,1477,1598,2,3,-1
4380034000,2025-03-31,충청북도,단양군,어상천면,1843,1018,825,1839,1016,823,-4,-2,-2
4380035000,2025-03-31,충청북도,단양군,적성면,1453,754,699,1453,757,696,0,3,-3
4380036000,2025-03-31,충청북도,단양군,단성면,1602,812,790,1598,810,788,-4,-2,-2
4413125000,2025-03-31,충청남도,천안시 동남구,목천읍,22389,11483,10906,22338,11470,10868,-51,-13,-38
4413131000,2025-03-31,충청남도,천안시 동남구,풍세면,10157,5333,4824,10195,5351,4844,38,18,20
4413132000,2025-03-31,충청남도,천안시 동남구,광덕면,4025,2035,1990,4023,2031,1992,-2,-4,2
4413133000,2025-03-31,충청남도,천안시 동남구,북면,4151,2171,1980,4156,2177,1979,5,6,-1
4413134000,2025-03-31,충청남도,천안시 동남구,성남면,2851,1503,1348,2834,1497,1337,-17,-6,-11
4413135000,2025-03-31,충청남도,천안시 동남구,수신면,2099,1169,930,2103,1171,932,4,2,2
4413136000,2025-03-31,충청남도,천안시 동남구,병천면,6033,3319,2714,6020,3307,2713,-13,-12,-1
4413137000,2025-03-31,충청남도,천안시 동남구,동면,1929,1051,878,1927,1050,877,-2,-1,-1
4413151000,2025-03-31,충청남도,천안시 동남구,중앙동,4710,2449,2261,4674,2437,2237,-36,-12,-24
4413152000,2025-03-31,충청남도,천안시 동남구,문성동,7802,3963,3839,7787,3954,3833,-15,-9,-6
4413153000,2025-03-31,충청남도,천안시 동남구,원성1동,7790,4050,3740,7777,4036,3741,-13,-14,1
4413154000,2025-03-31,충청남도,천안시 동남구,원성2동,8899,4542,4357,8845,4510,4335,-54,-32,-22
4413155000,2025-03-31,충청남도,천안시 동남구,봉명동,16202,8285,7917,16333,8357,7976,131,72,59
4413156000,2025-03-31,충청남도,천안시 동남구,일봉동,23531,11728,11803,23559,11750,11809,28,22,6
4413157000,2025-03-31,충청남도,천안시 동남구,신방동,42841,22121,20720,42706,22043,20663,-135,-78,-57
4413158000,2025-03-31,충청남도,천안시 동남구,청룡동,57943,28955,28988,57826,28871,28955,-117,-84,-33
4413159000,2025-03-31,충청남도,천안시 동남구,신안동,37374,18084,19290,37421,18088,19333,47,4,43
4413325000,2025-03-31,충청남도,천안시 서북구,성환읍,22079,11470,10609,22000,11435,10565,-79,-35,-44
4413325300,2025-03-31,충청남도,천안시 서북구,성거읍,21674,11500,10174,21656,11481,10175,-18,-19,1
4413325600,2025-03-31,충청남도,천안시 서북구,직산읍,19371,10660,8711,19330,10632,8698,-41,-28,-13
4413331000,2025-03-31,충청남도,천안시 서북구,입장면,7719,4208,3511,7663,4177,3486,-56,-31,-25
4413351000,2025-03-31,충청남도,천안시 서북구,성정1동,16619,8851,7768,16560,8830,7730,-59,-21,-38
4413352000,2025-03-31,충청남도,천안시 서북구,성정2동,24835,13879,10956,24773,13847,10926,-62,-32,-30
4413353000,2025-03-31,충청남도,천안시 서북구,쌍용1동,12615,6237,6378,12575,6213,6362,-40,-24,-16
4413354000,2025-03-31,충청남도,천안시 서북구,쌍용2동,34533,16960,17573,34414,16906,17508,-119,-54,-65
4413355000,2025-03-31,충청남도,천안시 서북구,쌍용3동,17231,8321,8910,17219,8310,8909,-12,-11,-1
4413356000,2025-03-31,충청남도,천안시 서북구,백석동,40458,20343,20115,40571,20410,20161,113,67,46
4413356600,2025-03-31,충청남도,천안시 서북구,불당1동,31420,15784,15636,31373,15754,15619,-47,-30,-17
4413356700,2025-03-31,충청남도,천안시 서북구,불당2동,37120,18589,18531,37101,18584,18517,-19,-5,-14
4413358000,2025-03-31,충청남도,천안시 서북구,부성1동,51114,26531,24583,51647,26781,24866,533,250,283
4413359000,2025-03-31,충청남도,천안시 서북구,부성2동,63467,33640,29827,63482,33643,29839,15,3,12
4415025000,2025-03-31,충청남도,공주시,유구읍,6795,3400,3395,6802,3411,3391,7,11,-4
4415031000,2025-03-31,충청남도,공주시,이인면,2938,1513,1425,2922,1507,1415,-16,-6,-10
4415032000,2025-03-31,충청남도,공주시,탄천면,2706,1432,1274,2688,1424,1264,-18,-8,-10
4415033000,2025-03-31,충청남도,공주시,계룡면,5098,2621,2477,5069,2607,2462,-29,-14,-15
4415034000,2025-03-31,충청남도,공주시,반포면,3973,2085,1888,3993,2089,1904,20,4,16
4415036000,2025-03-31,충청남도,공주시,의당면,4339,2308,2031,4325,2302,2023,-14,-6,-8
4415037000,2025-03-31,충청남도,공주시,정안면,4490,2431,2059,4519,2452,2067,29,21,8
4415038000,2025-03-31,충청남도,공주시,우성면,4826,2558,2268,4825,2552,2273,-1,-6,5
4415039000,2025-03-31,충청남도,공주시,사곡면,2718,1381,1337,2713,1383,1330,-5,2,-7
4415040000,2025-03-31,충청남도,공주시,신풍면,3021,1382,1639,3018,1382,1636,-3,0,-3
4415051000,2025-03-31,충청남도,공주시,중학동,4194,2125,2069,4241,2153,2088,47,28,19
4415054000,2025-03-31,충청남도,공주시,웅진동,7341,3587,3754,7315,3582,3733,-26,-5,-21
4415055000,2025-03-31,충청남도,공주시,금학동,5193,2519,2674,5259,2514,2745,66,-5,71
4415056000,2025-03-31,충청남도,공주시,옥룡동,7053,3474,3579,7064,3482,3582,11,8,3
4415057000,2025-03-31,충청남도,공주시,신관동,19319,9194,10125,19482,9229,10253,163,35,128
4415059000,2025-03-31,충청남도,공주시,월송동,16686,8257,8429,16653,8232,8421,-33,-25,-8
4418025000,2025-03-31,충청남도,보령시,웅천읍,5603,2849,2754,5580,2831,2749,-23,-18,-5
4418031000,2025-03-31,충청남도,보령시,주포면,1483,771,712,1481,771,710,-2,0,-2
4418032000,2025-03-31,충청남도,보령시,오천면,1980,1075,905,1981,1075,906,1,0,1
4418032500,2025-03-31,충청남도,보령시,오천면어항출장소,1479,801,678,1477,799,678,-2,-2,0
4418032900,2025-03-31,충청남도,보령시,원산출장소,1012,532,480,1015,535,480,3,3,0
4418033000,2025-03-31,충청남도,보령시,천북면,3136,1643,1493,3144,1651,1493,8,8,0
4418034000,2025-03-31,충청남도,보령시,청소면,2311,1169,1142,2305,1170,1135,-6,1,-7
4418035000,2025-03-31,충청남도,보령시,청라면,3491,1768,1723,3500,1769,1731,9,1,8
4418036000,2025-03-31,충청남도,보령시,남포면,4738,2407,2331,4731,2404,2327,-7,-3,-4
4418038000,2025-03-31,충청남도,보령시,주산면,2200,1104,1096,2189,1098,1091,-11,-6,-5
4418039000,2025-03-31,충청남도,보령시,미산면,1587,828,759,1584,825,759,-3,-3,0
4418040000,2025-03-31,충청남도,보령시,성주면,1910,948,962,1902,945,957,-8,-3,-5
4418041000,2025-03-31,충청남도,보령시,주교면,4830,2506,2324,4813,2498,2315,-17,-8,-9
4418051500,2025-03-31,충청남도,보령시,대천1동,12715,6380,6335,12668,6352,6316,-47,-28,-19
4418052500,2025-03-31,충청남도,보령시,대천2동,6052,2998,3054,6055,3007,3048,3,9,-6
4418053500,2025-03-31,충청남도,보령시,대천3동,15395,7728,7667,15370,7704,7666,-25,-24,-1
4418054500,2025-03-31,충청남도,보령시,대천4동,17582,8724,8858,17490,8668,8822,-92,-56,-36
4418056500,2025-03-31,충청남도,보령시,대천5동,5759,2980,2779,5780,2991,2789,21,11,10
4420025000,2025-03-31,충청남도,아산시,염치읍,5786,3050,2736,5764,3033,2731,-22,-17,-5
4420025300,2025-03-31,충청남도,아산시,배방읍,92365,47649,44716,92786,47876,44910,421,227,194
4420031000,2025-03-31,충청남도,아산시,송악면,3988,2065,1923,3978,2057,1921,-10,-8,-2
4420033000,2025-03-31,충청남도,아산시,탕정면,46222,24419,21803,46186,24404,21782,-36,-15,-21
4420035000,2025-03-31,충청남도,아산시,음봉면,23020,12561,10459,22988,12542,10446,-32,-19,-13
4420036000,2025-03-31,충청남도,아산시,둔포면,23587,13352,10235,23609,13385,10224,22,33,-11
4420037000,2025-03-31,충청남도,아산시,영인면,5220,2763,2457,5215,2760,2455,-5,-3,-2
4420038000,2025-03-31,충청남도,아산시,인주면,5577,3149,2428,5560,3137,2423,-17,-12,-5
4420039000,2025-03-31,충청남도,아산시,선장면,2832,1471,1361,2825,1465,1360,-7,-6,-1
4420040000,2025-03-31,충청남도,아산시,도고면,4174,2206,1968,4179,2203,1976,5,-3,8
4420041000,2025-03-31,충청남도,아산시,신창면,22518,11781,10737,22529,11779,10750,11,-2,13
4420057000,2025-03-31,충청남도,아산시,온양1동,9728,5145,4583,9768,5170,4598,40,25,15
4420058000,2025-03-31,충청남도,아산시,온양2동,9701,5190,4511,9691,5181,4510,-10,-9,-1
4420059000,2025-03-31,충청남도,아산시,온양3동,38781,19357,19424,38800,19362,19438,19,5,14
4420060000,2025-03-31,충청남도,아산시,온양4동,15820,7976,7844,15790,7974,7816,-30,-2,-28
4420061000,2025-03-31,충청남도,아산시,온양5동,20914,10725,10189,20905,10717,10188,-9,-8,-1
4420062000,2025-03-31,충청남도,아산시,온양6동,26123,12982,13141,26118,12977,13141,-5,-5,0
4421025000,2025-03-31,충청남도,서산시,대산읍,12371,7332,5039,12394,7361,5033,23,29,-6
4421031000,2025-03-31,충청남도,서산시,인지면,6994,3595,3399,6982,3589,3393,-12,-6,-6
4421032000,2025-03-31,충청남도,서산시,부석면,5057,2594,2463,5053,2597,2456,-4,3,-7
4421033000,2025-03-31,충청남도,서산시,팔봉면,3227,1656,1571,3242,1667,1575,15,11,4
4421034000,2025-03-31,충청남도,서산시,지곡면,7681,4161,3520,7667,4155,3512,-14,-6,-8
4421036000,2025-03-31,충청남도,서산시,성연면,16888,8888,8000,16920,8907,8013,32,19,13
4421037000,2025-03-31,충청남도,서산시,음암면,8966,4609,4357,8956,4606,4350,-10,-3,-7
4421038000,2025-03-31,충청남도,서산시,운산면,4854,2492,2362,4860,2496,2364,6,4,2
4421039000,2025-03-31,충청남도,서산시,해미면,7030,3667,3363,7020,3669,3351,-10,2,-12
4421040000,2025-03-31,충청남도,서산시,고북면,5650,2987,2663,5638,2987,2651,-12,0,-12
4421051000,2025-03-31,충청남도,서산시,부춘동,17608,9207,8401,17585,9197,8388,-23,-10,-13
4421052500,2025-03-31,충청남도,서산시,동문1동,17288,9033,8255,17225,8997,8228,-63,-36,-27
4421053500,2025-03-31,충청남도,서산시,동문2동,8185,4205,3980,8160,4192,3968,-25,-13,-12
4421054000,2025-03-31,충청남도,서산시,수석동,17440,8938,8502,17416,8925,8491,-24,-13,-11
4421055000,2025-03-31,충청남도,서산시,석남동,34382,17601,16781,34404,17615,16789,22,14,8
4423025000,2025-03-31,충청남도,논산시,강경읍,7191,3506,3685,7144,3483,3661,-47,-23,-24
4423025300,2025-03-31,충청남도,논산시,연무읍,12489,6317,6172,12455,6294,6161,-34,-23,-11
4423031000,2025-03-31,충청남도,논산시,성동면,3703,1875,1828,3701,1875,1826,-2,0,-2
4423032000,2025-03-31,충청남도,논산시,광석면,3855,1951,1904,3838,1942,1896,-17,-9,-8
4423033000,2025-03-31,충청남도,논산시,노성면,2705,1391,1314,2683,1376,1307,-22,-15,-7
4423034000,2025-03-31,충청남도,논산시,상월면,3304,1649,1655,3295,1644,1651,-9,-5,-4
4423035000,2025-03-31,충청남도,논산시,부적면,3250,1651,1599,3237,1641,1596,-13,-10,-3
4423036000,2025-03-31,충청남도,논산시,연산면,5657,2946,2711,5642,2932,2710,-15,-14,-1
4423038000,2025-03-31,충청남도,논산시,벌곡면,2302,1173,1129,2282,1166,1116,-20,-7,-13
4423039000,2025-03-31,충청남도,논산시,양촌면,5853,2975,2878,5786,2947,2839,-67,-28,-39
4423040000,2025-03-31,충청남도,논산시,가야곡면,3130,1590,1540,3112,1579,1533,-18,-11,-7
4423041000,2025-03-31,충청남도,논산시,은진면,3757,2003,1754,3761,2009,1752,4,6,-2
4423042000,2025-03-31,충청남도,논산시,채운면,2028,984,1044,2028,985,1043,0,1,-1
4423051000,2025-03-31,충청남도,논산시,취암동,33890,16962,16928,33603,16820,16783,-287,-142,-145
4423052000,2025-03-31,충청남도,논산시,부창동,14932,7174,7758,15254,7349,7905,322,175,147
4425031000,2025-03-31,충청남도,계룡시,두마면,14056,6949,7107,14016,6924,7092,-40,-25,-15
4425031500,2025-03-31,충청남도,계룡시,엄사면,16693,8215,8478,16646,8182,8464,-47,-33,-14
4425033000,2025-03-31,충청남도,계룡시,신도안면,7347,3778,3569,7452,3830,3622,105,52,53
4425051000,2025-03-31,충청남도,계룡시,금암동,7997,4044,3953,7989,4044,3945,-8,0,-8
4427025000,2025-03-31,충청남도,당진시,합덕읍,7800,4132,3668,7770,4113,3657,-30,-19,-11
4427025300,2025-03-31,충청남도,당진시,송악읍,29067,16363,12704,29168,16419,12749,101,56,45
4427031000,2025-03-31,충청남도,당진시,고대면,5924,3244,2680,5907,3238,2669,-17,-6,-11
4427032000,2025-03-31,충청남도,당진시,석문면,8183,4791,3392,8156,4780,3376,-27,-11,-16
4427033000,2025-03-31,충청남도,당진시,대호지면,2217,1140,1077,2217,1141,1076,0,1,-1
4427034000,2025-03-31,충청남도,당진시,정미면,3428,1769,1659,3389,1748,1641,-39,-21,-18
4427035000,2025-03-31,충청남도,당진시,면천면,3274,1676,1598,3266,1670,1596,-8,-6,-2
4427036000,2025-03-31,충청남도,당진시,순성면,4652,2393,2259,4625,2378,2247,-27,-15,-12
4427037000,2025-03-31,충청남도,당진시,우강면,5183,2571,2612,5190,2569,2621,7,-2,9
4427038000,2025-03-31,충청남도,당진시,신평면,14295,7351,6944,14241,7333,6908,-54,-18,-36
4427039000,2025-03-31,충청남도,당진시,송산면,11122,6624,4498,11088,6614,4474,-34,-10,-24
4427051000,2025-03-31,충청남도,당진시,당진1동,39864,21094,18770,40180,21257,18923,316,163,153
4427052000,2025-03-31,충청남도,당진시,당진2동,21489,11033,10456,21375,10976,10399,-114,-57,-57
4427053000,2025-03-31,충청남도,당진시,당진3동,15566,8063,7503,15538,8040,7498,-28,-23,-5
4471025000,2025-03-31,충청남도,금산군,금산읍,22420,11032,11388,22389,11018,11371,-31,-14,-17
4471031000,2025-03-31,충청남도,금산군,금성면,3022,1581,1441,3034,1587,1447,12,6,6
4471032000,2025-03-31,충청남도,금산군,제원면,2696,1428,1268,2704,1428,1276,8,0,8
4471033000,2025-03-31,충청남도,금산군,부리면,2332,1187,1145,2340,1187,1153,8,0,8
4471034000,2025-03-31,충청남도,금산군,군북면,2329,1195,1134,2328,1199,1129,-1,4,-5
4471035000,2025-03-31,충청남도,금산군,남일면,2725,1409,1316,2818,1457,1361,93,48,45
4471036000,2025-03-31,충청남도,금산군,남이면,1963,1008,955,1985,1024,961,22,16,6
4471037000,2025-03-31,충청남도,금산군,진산면,3088,1557,1531,3084,1559,1525,-4,2,-6
4471038000,2025-03-31,충청남도,금산군,복수면,2844,1501,1343,2837,1497,1340,-7,-4,-3
4471039000,2025-03-31,충청남도,금산군,추부면,5869,3120,2749,5857,3114,2743,-12,-6,-6
4476025000,2025-03-31,충청남도,부여군,부여읍,17930,8872,9058,17854,8828,9026,-76,-44,-32
4476031000,2025-03-31,충청남도,부여군,규암면,11371,5623,5748,11391,5614,5777,20,-9,29
4476032000,2025-03-31,충청남도,부여군,은산면,3529,1777,1752,3533,1788,1745,4,11,-7
4476033000,2025-03-31,충청남도,부여군,외산면,2169,1071,1098,2168,1068,1100,-1,-3,2
4476034000,2025-03-31,충청남도,부여군,내산면,1447,729,718,1453,734,719,6,5,1
4476035000,2025-03-31,충청남도,부여군,구룡면,2164,1061,1103,2169,1065,1104,5,4,1
4476036000,2025-03-31,충청남도,부여군,홍산면,2560,1246,1314,2550,1241,1309,-10,-5,-5
4476037000,2025-03-31,충청남도,부여군,옥산면,1325,649,676,1334,655,679,9,6,3
4476038000,2025-03-31,충청남도,부여군,남면,1721,834,887,1719,833,886,-2,-1,-1
4476039000,2025-03-31,충청남도,부여군,충화면,1049,550,499,1047,549,498,-2,-1,-1
4476040000,2025-03-31,충청남도,부여군,양화면,1545,741,804,1545,744,801,0,3,-3
4476041000,2025-03-31,충청남도,부여군,임천면,2605,1291,1314,2601,1290,1311,-4,-1,-3
4476042000,2025-03-31,충청남도,부여군,장암면,2474,1254,1220,2470,1249,1221,-4,-5,1
4476043000,2025-03-31,충청남도,부여군,세도면,2873,1469,1404,2859,1469,1390,-14,0,-14
4476044000,2025-03-31,충청남도,부여군,석성면,2613,1386,1227,2598,1375,1223,-15,-11,-4
4476045000,2025-03-31,충청남도,부여군,초촌면,1919,980,939,1924,989,935,5,9,-4
4477025000,2025-03-31,충청남도,서천군,장항읍,10664,5374,5290,10652,5367,5285,-12,-7,-5
4477025300,2025-03-31,충청남도,서천군,서천읍,12668,6182,6486,12622,6168,6454,-46,-14,-32
4477031000,2025-03-31,충청남도,서천군,마서면,4473,2234,2239,4468,2235,2233,-5,1,-6
4477032000,2025-03-31,충청남도,서천군,화양면,2037,989,1048,2040,993,1047,3,4,-1
4477033000,2025-03-31,충청남도,서천군,기산면,1461,727,734,1460,724,736,-1,-3,2
4477034000,2025-03-31,충청남도,서천군,한산면,2287,1082,1205,2289,1081,1208,2,-1,3
4477035000,2025-03-31,충청남도,서천군,마산면,1390,670,720,1389,670,719,-1,0,-1
4477036000,2025-03-31,충청남도,서천군,시초면,1153,567,586,1150,568,582,-3,1,-4
4477037000,2025-03-31,충청남도,서천군,문산면,1177,596,581,1181,595,586,4,-1,5
4477038000,2025-03-31,충청남도,서천군,판교면,1909,941,968,1908,944,964,-1,3,-4
4477039000,2025-03-31,충청남도,서천군,종천면,1958,960,998,1960,961,999,2,1,1
4477040000,2025-03-31,충청남도,서천군,비인면,2770,1383,1387,2779,1385,1394,9,2,7
4477041000,2025-03-31,충청남도,서천군,서면,4000,2058,1942,4008,2061,1947,8,3,5
4479025000,2025-03-31,충청남도,청양군,청양읍,9944,5082,4862,10071,5163,4908,127,81,46
4479031000,2025-03-31,충청남도,청양군,운곡면,1980,1003,977,1976,1003,973,-4,0,-4
4479032000,2025-03-31,충청남도,청양군,대치면,2172,1133,1039,2173,1131,1042,1,-2,3
4479033000,2025-03-31,충청남도,청양군,정산면,3365,1749,1616,3357,1744,1613,-8,-5,-3
4479034000,2025-03-31,충청남도,청양군,목면,1432,750,682,1436,752,684,4,2,2
4479035000,2025-03-31,충청남도,청양군,청남면,1736,903,833,1741,905,836,5,2,3
4479036000,2025-03-31,충청남도,청양군,장평면,2181,1119,1062,2178,1120,1058,-3,1,-4
4479037000,2025-03-31,충청남도,청양군,남양면,2545,1266,1279,2536,1261,1275,-9,-5,-4
4479038000,2025-03-31,충청남도,청양군,화성면,2002,1020,982,2002,1024,978,0,4,-4
4479039000,2025-03-31,충청남도,청양군,비봉면,2051,1024,1027,2045,1021,1024,-6,-3,-3
4480025000,2025-03-31,충청남도,홍성군,홍성읍,34798,17287,17511,34627,17220,17407,-171,-67,-104
4480025300,2025-03-31,충청남도,홍성군,광천읍,7353,3565,3788,7375,3573,3802,22,8,14
4480025600,2025-03-31,충청남도,홍성군,홍북읍,34773,17443,17330,35275,17720,17555,502,277,225
4480032000,2025-03-31,충청남도,홍성군,금마면,3231,1667,1564,3203,1652,1551,-28,-15,-13
4480033000,2025-03-31,충청남도,홍성군,홍동면,3261,1643,1618,3265,1646,1619,4,3,1
4480034000,2025-03-31,충청남도,홍성군,장곡면,2692,1303,1389,2693,1303,1390,1,0,1
4480035000,2025-03-31,충청남도,홍성군,은하면,2029,1058,971,2021,1059,962,-8,1,-9
4480036000,2025-03-31,충청남도,홍성군,결성면,1930,945,985,1932,945,987,2,0,2
4480037000,2025-03-31,충청남도,홍성군,서부면,2974,1466,1508,2957,1457,1500,-17,-9,-8
4480038000,2025-03-31,충청남도,홍성군,갈산면,3301,1684,1617,3289,1672,1617,-12,-12,0
4480039000,2025-03-31,충청남도,홍성군,구항면,3252,1673,1579,3241,1668,1573,-11,-5,-6
4481025000,2025-03-31,충청남도,예산군,예산읍,29772,14731,15041,29709,14706,15003,-63,-25,-38
4481025300,2025-03-31,충청남도,예산군,삽교읍,17665,8827,8838,17782,8894,8888,117,67,50
4481031000,2025-03-31,충청남도,예산군,대술면,2275,1185,1090,2268,1182,1086,-7,-3,-4
4481032000,2025-03-31,충청남도,예산군,신양면,2846,1460,1386,2838,1456,1382,-8,-4,-4
4481033000,2025-03-31,충청남도,예산군,광시면,2851,1449,1402,2850,1444,1406,-1,-5,4
4481034000,2025-03-31,충청남도,예산군,대흥면,1648,854,794,1645,853,792,-3,-1,-2
4481035000,2025-03-31,충청남도,예산군,응봉면,2282,1183,1099,2275,1180,1095,-7,-3,-4
4481036000,2025-03-31,충청남도,예산군,덕산면,6166,3020,3146,6160,3017,3143,-6,-3,-3
4481037000,2025-03-31,충청남도,예산군,봉산면,2314,1187,1127,2314,1183,1131,0,-4,4
4481038000,2025-03-31,충청남도,예산군,고덕면,4082,2087,1995,4069,2083,1986,-13,-4,-9
4481039000,2025-03-31,충청남도,예산군,신암면,3134,1616,1518,3121,1604,1517,-13,-12,-1
4481040000,2025-03-31,충청남도,예산군,오가면,3776,1971,1805,3765,1964,1801,-11,-7,-4
4482525000,2025-03-31,충청남도,태안군,태안읍,28779,14569,14210,28729,14528,14201,-50,-41,-9
4482525300,2025-03-31,충청남도,태안군,안면읍,7850,3947,3903,7833,3940,3893,-17,-7,-10
4482531000,2025-03-31,충청남도,태안군,고남면,2214,1083,1131,2220,1084,1136,6,1,5
4482532000,2025-03-31,충청남도,태안군,남면,4198,2149,2049,4194,2138,2056,-4,-11,7
4482533000,2025-03-31,충청남도,태안군,근흥면,5315,2737,2578,5369,2770,2599,54,33,21
4482534000,2025-03-31,충청남도,태안군,소원면,5111,2521,2590,5111,2522,2589,0,1,-1
4482535000,2025-03-31,충청남도,태안군,원북면,4265,2201,2064,4253,2193,2060,-12,-8,-4
4482536000,2025-03-31,충청남도,태안군,이원면,2152,1113,1039,2145,1107,1038,-7,-6,-1
4611051000,2025-03-31,전라남도,목포시,용당1동,9279,4673,4606,9237,4643,4594,-42,-30,-12
4611052000,2025-03-31,전라남도,목포시,용당2동,4454,2270,2184,4438,2265,2173,-16,-5,-11
4611053500,2025-03-31,전라남도,목포시,연동,3883,1956,1927,3870,1946,1924,-13,-10,-3
4611054500,2025-03-31,전라남도,목포시,산정동,8805,4281,4524,8809,4280,4529,4,-1,5
4611055400,2025-03-31,전라남도,목포시,연산동,10074,4937,5137,10044,4932,5112,-30,-5,-25
4611055800,2025-03-31,전라남도,목포시,원산동,11394,5610,5784,11349,5588,5761,-45,-22,-23
4611056500,2025-03-31,전라남도,목포시,대성동,4708,2337,2371,4697,2327,2370,-11,-10,-1
4611059500,2025-03-31,전라남도,목포시,목원동,6149,3134,3015,6105,3113,2992,-44,-21,-23
4611064000,2025-03-31,전라남도,목포시,동명동,4532,2347,2185,4503,2336,2167,-29,-11,-18
4611064500,2025-03-31,전라남도,목포시,삼학동,5508,2702,2806,5468,2692,2776,-40,-10,-30
4611065500,2025-03-31,전라남도,목포시,만호동,2349,1229,1120,2322,1216,1106,-27,-13,-14
4611066000,2025-03-31,전라남도,목포시,유달동,3712,2019,1693,3693,2003,1690,-19,-16,-3
4611069500,2025-03-31,전라남도,목포시,죽교동,2669,1390,1279,2682,1392,1290,13,2,11
4611070500,2025-03-31,전라남도,목포시,북항동,8369,4205,4164,8341,4181,4160,-28,-24,-4
4611074500,2025-03-31,전라남도,목포시,용해동,15674,7722,7952,15620,7705,7915,-54,-17,-37
4611075000,2025-03-31,전라남도,목포시,이로동,10013,4903,5110,9983,4881,5102,-30,-22,-8
4611075600,2025-03-31,전라남도,목포시,상동,21727,10575,11152,21662,10547,11115,-65,-28,-37
4611075700,2025-03-31,전라남도,목포시,하당동,14228,7301,6927,14281,7330,6951,53,29,24
4611075800,2025-03-31,전라남도,목포시,신흥동,15997,7910,8087,15936,7881,8055,-61,-29,-32
4611078000,2025-03-31,전라남도,목포시,삼향동,4343,2169,2174,4329,2155,2174,-14,-14,0
4611079000,2025-03-31,전라남도,목포시,옥암동,10573,5072,5501,10543,5058,5485,-30,-14,-16
4611080000,2025-03-31,전라남도,목포시,부흥동,7858,3802,4056,7807,3787,4020,-51,-15,-36
4611081000,2025-03-31,전라남도,목포시,부주동,22034,11083,10951,21989,11072,10917,-45,-11,-34
4613025000,2025-03-31,전라남도,여수시,돌산읍,2357,1222,1135,2351,1218,1133,-6,-4,-2
4613025100,2025-03-31,전라남도,여수시,돌산읍우두출장소,7968,4125,3843,7960,4121,3839,-8,-4,-4
4613025200,2025-03-31,전라남도,여수시,돌산읍죽포출장소,1777,855,922,1762,846,916,-15,-9,-6
4613031000,2025-03-31,전라남도,여수시,소라면,21425,10882,10543,21353,10843,10510,-72,-39,-33
4613032000,2025-03-31,전라남도,여수시,율촌면,6062,3126,2936,6063,3130,2933,1,4,-3
4613033000,2025-03-31,전라남도,여수시,화양면,6029,3112,2917,6008,3098,2910,-21,-14,-7
4613034000,2025-03-31,전라남도,여수시,남면,2641,1375,1266,2646,1374,1272,5,-1,6
4613035000,2025-03-31,전라남도,여수시,화정면,1263,644,619,1255,640,615,-8,-4,-4
4613035600,2025-03-31,전라남도,여수시,화정면개도출장소,759,393,366,755,392,363,-4,-1,-3
4613036000,2025-03-31,전라남도,여수시,삼산면,1952,1093,859,1957,1099,858,5,6,-1
4613051500,2025-03-31,전라남도,여수시,동문동,3925,1966,1959,3907,1952,1955,-18,-14,-4
4613053500,2025-03-31,전라남도,여수시,한려동,2635,1288,1347,2633,1287,1346,-2,-1,-1
4613057000,2025-03-31,전라남도,여수시,중앙동,3718,1824,1894,3700,1814,1886,-18,-10,-8
4613060000,2025-03-31,전라남도,여수시,충무동,3399,1739,1660,3393,1735,1658,-6,-4,-2
4613062500,2025-03-31,전라남도,여수시,광림동,5572,2890,2682,5620,2904,2716,48,14,34
4613063500,2025-03-31,전라남도,여수시,서강동,3814,1880,1934,3806,1879,1927,-8,-1,-7
4613065500,2025-03-31,전라남도,여수시,대교동,4528,2298,2230,4521,2286,2235,-7,-12,5
4613067000,2025-03-31,전라남도,여수시,국동,10118,5075,5043,10062,5042,5020,-56,-33,-23
4613068500,2025-03-31,전라남도,여수시,월호동,7123,3528,3595,7128,3526,3602,5,-2,7
4613070000,2025-03-31,전라남도,여수시,여서동,15803,7701,8102,15737,7671,8066,-66,-30,-36
4613071000,2025-03-31,전라남도,여수시,문수동,18660,9391,9269,18615,9379,9236,-45,-12,-33
4613073000,2025-03-31,전라남도,여수시,미평동,11187,6006,5181,11201,6023,5178,14,17,-3
4613074000,2025-03-31,전라남도,여수시,둔덕동,9438,4745,4693,9425,4736,4689,-13,-9,-4
4613076500,2025-03-31,전라남도,여수시,만덕동,10154,5094,5060,10162,5098,5064,8,4,4
4613078000,2025-03-31,전라남도,여수시,쌍봉동,31151,15965,15186,31142,15952,15190,-9,-13,4
4613079000,2025-03-31,전라남도,여수시,시전동,43382,21709,21673,43402,21723,21679,20,14,6
4613080000,2025-03-31,전라남도,여수시,여천동,19207,10223,8984,19136,10197,8939,-71,-26,-45
4613081000,2025-03-31,전라남도,여수시,주삼동,7551,3920,3631,7527,3903,3624,-24,-17,-7
4613082000,2025-03-31,전라남도,여수시,삼일동,2022,1114,908,2020,1113,907,-2,-1,-1
4613083000,2025-03-31,전라남도,여수시,묘도동,1074,561,513,1070,558,512,-4,-3,-1
4615025000,2025-03-31,전라남도,순천시,승주읍,2368,1182,1186,2361,1182,1179,-7,0,-7
4615031000,2025-03-31,전라남도,순천시,해룡면,4121,2137,1984,4110,2131,1979,-11,-6,-5
4615031500,2025-03-31,전라남도,순천시,해룡면상삼출장소,17965,8902,9063,17914,8867,9047,-51,-35,-16
4615031600,2025-03-31,전라남도,순천시,해룡면신대출장소,32448,16461,15987,32454,16463,15991,6,2,4
4615032000,2025-03-31,전라남도,순천시,서면,15194,7641,7553,15157,7622,7535,-37,-19,-18
4615033000,2025-03-31,전라남도,순천시,황전면,2642,1360,1282,2642,1359,1283,0,-1,1
4615034000,2025-03-31,전라남도,순천시,월등면,1614,780,834,1618,784,834,4,4,0
4615035000,2025-03-31,전라남도,순천시,주암면,2852,1450,1402,2843,1450,1393,-9,0,-9
4615036000,2025-03-31,전라남도,순천시,송광면,1345,723,622,1351,727,624,6,4,2
4615037000,2025-03-31,전라남도,순천시,외서면,754,379,375,754,380,374,0,1,-1
4615038000,2025-03-31,전라남도,순천시,낙안면,2855,1395,1460,2841,1393,1448,-14,-2,-12
4615039000,2025-03-31,전라남도,순천시,별량면,5123,2598,2525,5098,2583,2515,-25,-15,-10
4615040000,2025-03-31,전라남도,순천시,상사면,2796,1421,1375,2785,1416,1369,-11,-5,-6
4615051500,2025-03-31,전라남도,순천시,향동,3170,1553,1617,3161,1548,1613,-9,-5,-4
4615054000,2025-03-31,전라남도,순천시,매곡동,6274,3060,3214,6272,3054,3218,-2,-6,4
4615055000,2025-03-31,전라남도,순천시,삼산동,28820,14264,14556,28779,14260,14519,-41,-4,-37
4615056000,2025-03-31,전라남도,순천시,조곡동,7115,3559,3556,7128,3567,3561,13,8,5
4615057000,2025-03-31,전라남도,순천시,덕연동,39506,19623,19883,39354,19524,19830,-152,-99,-53
4615058000,2025-03-31,전라남도,순천시,풍덕동,6810,3374,3436,6796,3359,3437,-14,-15,1
4615059000,2025-03-31,전라남도,순천시,남제동,7575,3852,3723,7551,3838,3713,-24,-14,-10
4615060000,2025-03-31,전라남도,순천시,저전동,2517,1238,1279,2518,1241,1277,1,3,-2
4615061000,2025-03-31,전라남도,순천시,장천동,1849,1003,846,1836,993,843,-13,-10,-3
4615062000,2025-03-31,전라남도,순천시,중앙동,2499,1277,1222,2481,1272,1209,-18,-5,-13
4615063500,2025-03-31,전라남도,순천시,도사동,16895,8451,8444,16861,8424,8437,-34,-27,-7
4615066100,2025-03-31,전라남도,순천시,왕조1동,43922,21797,22125,44224,21949,22275,302,152,150
4615066500,2025-03-31,전라남도,순천시,왕조2동,16819,8245,8574,16766,8229,8537,-53,-16,-37
4617025000,2025-03-31,전라남도,나주시,남평읍,11635,5831,5804,11623,5826,5797,-12,-5,-7
4617031000,2025-03-31,전라남도,나주시,세지면,2357,1231,1126,2342,1221,1121,-15,-10,-5
4617032000,2025-03-31,전라남도,나주시,왕곡면,2568,1357,1211,2568,1363,1205,0,6,-6
4617033000,2025-03-31,전라남도,나주시,반남면,1251,650,601,1250,650,600,-1,0,-1
4617034000,2025-03-31,전라남도,나주시,공산면,2117,1085,1032,2117,1083,1034,0,-2,2
4617035000,2025-03-31,전라남도,나주시,동강면,2245,1126,1119,2248,1128,1120,3,2,1
4617036000,2025-03-31,전라남도,나주시,다시면,3304,1681,1623,3292,1677,1615,-12,-4,-8
4617037000,2025-03-31,전라남도,나주시,문평면,1754,893,861,1744,893,851,-10,0,-10
4617038000,2025-03-31,전라남도,나주시,노안면,4198,2210,1988,4190,2217,1973,-8,7,-15
4617039000,2025-03-31,전라남도,나주시,금천면,6778,3497,3281,6733,3462,3271,-45,-35,-10
4617040000,2025-03-31,전라남도,나주시,산포면,3106,1636,1470,3101,1641,1460,-5,5,-10
4617042000,2025-03-31,전라남도,나주시,다도면,1791,927,864,1777,923,854,-14,-4,-10
4617043000,2025-03-31,전라남도,나주시,봉황면,3829,2039,1790,3821,2043,1778,-8,4,-12
4617051000,2025-03-31,전라남도,나주시,송월동,9531,4772,4759,10248,5129,5119,717,357,360
4617052000,2025-03-31,전라남도,나주시,영강동,2563,1290,1273,2517,1265,1252,-46,-25,-21
4617054000,2025-03-31,전라남도,나주시,금남동,4335,2179,2156,4302,2164,2138,-33,-15,-18
4617055000,2025-03-31,전라남도,나주시,성북동,8104,4078,4026,8019,4024,3995,-85,-54,-31
4617058000,2025-03-31,전라남도,나주시,영산동,2777,1433,1344,2746,1423,1323,-31,-10,-21
4617060000,2025-03-31,전라남도,나주시,이창동,3137,1683,1454,3135,1683,1452,-2,0,-2
4617062000,2025-03-31,전라남도,나주시,빛가람동,39577,19553,20024,39302,19432,19870,-275,-121,-154
4623025000,2025-03-31,전라남도,광양시,광양읍,48241,24827,23414,48272,24847,23425,31,20,11
4623031000,2025-03-31,전라남도,광양시,봉강면,1962,1012,950,1957,1014,943,-5,2,-7
4623032000,2025-03-31,전라남도,광양시,옥룡면,2823,1424,1399,2823,1418,1405,0,-6,6
4623033000,2025-03-31,전라남도,광양시,옥곡면,4683,2399,2284,4693,2402,2291,10,3,7
4623034000,2025-03-31,전라남도,광양시,진상면,2507,1279,1228,2501,1274,1227,-6,-5,-1
4623035000,2025-03-31,전라남도,광양시,진월면,2488,1239,1249,2493,1246,1247,5,7,-2
4623036000,2025-03-31,전라남도,광양시,다압면,1605,800,805,1595,795,800,-10,-5,-5
4623051500,2025-03-31,전라남도,광양시,골약동,12239,6438,5801,12329,6484,5845,90,46,44
4623053000,2025-03-31,전라남도,광양시,중마동,56899,30244,26655,56844,30219,26625,-55,-25,-30
4623054000,2025-03-31,전라남도,광양시,광영동,10261,5485,4776,10227,5469,4758,-34,-16,-18
4623055000,2025-03-31,전라남도,광양시,금호동,9812,5337,4475,9782,5316,4466,-30,-21,-9
4623057000,2025-03-31,전라남도,광양시,태인동,1450,805,645,1452,809,643,2,4,-2
4671025000,2025-03-31,전라남도,담양군,담양읍,14889,7429,7460,14901,7436,7465,12,7,5
4671031000,2025-03-31,전라남도,담양군,봉산면,2569,1329,1240,2568,1331,1237,-1,2,-3
4671032000,2025-03-31,전라남도,담양군,고서면,2898,1450,1448,2891,1445,1446,-7,-5,-2
4671033500,2025-03-31,전라남도,담양군,가사문학면,1173,589,584,1179,590,589,6,1,5
4671034000,2025-03-31,전라남도,담양군,창평면,3485,1775,1710,3486,1770,1716,1,-5,6
4671035000,2025-03-31,전라남도,담양군,대덕면,1834,929,905,1842,928,914,8,-1,9
4671036000,2025-03-31,전라남도,담양군,무정면,2344,1210,1134,2335,1208,1127,-9,-2,-7
4671037000,2025-03-31,전라남도,담양군,금성면,2414,1225,1189,2424,1237,1187,10,12,-2
4671038000,2025-03-31,전라남도,담양군,용면,1757,884,873,1766,890,876,9,6,3
4671039000,2025-03-31,전라남도,담양군,월산면,2260,1167,1093,2256,1166,1090,-4,-1,-3
4671040000,2025-03-31,전라남도,담양군,수북면,4768,2448,2320,4752,2437,2315,-16,-11,-5
4671041000,2025-03-31,전라남도,담양군,대전면,4070,2013,2057,4058,2009,2049,-12,-4,-8
4672025000,2025-03-31,전라남도,곡성군,곡성읍,7640,3723,3917,7630,3722,3908,-10,-1,-9
4672031000,2025-03-31,전라남도,곡성군,오곡면,1742,875,867,1739,875,864,-3,0,-3
4672032000,2025-03-31,전라남도,곡성군,삼기면,1616,797,819,1603,789,814,-13,-8,-5
4672033000,2025-03-31,전라남도,곡성군,석곡면,2129,1004,1125,2135,1008,1127,6,4,2
4672034000,2025-03-31,전라남도,곡성군,목사동면,1303,657,646,1301,655,646,-2,-2,0
4672035000,2025-03-31,전라남도,곡성군,죽곡면,1865,927,938,1873,932,941,8,5,3
4672036000,2025-03-31,전라남도,곡성군,고달면,1080,560,520,1073,559,514,-7,-1,-6
4672037000,2025-03-31,전라남도,곡성군,옥과면,3879,1954,1925,3911,1970,1941,32,16,16
4672038000,2025-03-31,전라남도,곡성군,입면,2262,1171,1091,2268,1177,1091,6,6,0
4672039000,2025-03-31,전라남도,곡성군,겸면,1592,782,810,1597,782,815,5,0,5
4672040000,2025-03-31,전라남도,곡성군,오산면,1445,749,696,1451,754,697,6,5,1
4673025000,2025-03-31,전라남도,구례군,구례읍,10316,4993,5323,10331,5009,5322,15,16,-1
4673031000,2025-03-31,전라남도,구례군,문척면,1287,671,616,1278,665,613,-9,-6,-3
4673032000,2025-03-31,전라남도,구례군,간전면,1416,697,719,1413,695,718,-3,-2,-1
4673033000,2025-03-31,전라남도,구례군,토지면,2405,1184,1221,2388,1175,1213,-17,-9,-8
4673034000,2025-03-31,전라남도,구례군,마산면,2367,1163,1204,2363,1163,1200,-4,0,-4
4673035000,2025-03-31,전라남도,구례군,광의면,2132,1032,1100,2127,1038,1089,-5,6,-11
4673036000,2025-03-31,전라남도,구례군,용방면,1295,626,669,1295,630,665,0,4,-4
4673037000,2025-03-31,전라남도,구례군,산동면,2786,1340,1446,2779,1334,1445,-7,-6,-1
4677025000,2025-03-31,전라남도,고흥군,고흥읍,12361,6019,6342,12342,6005,6337,-19,-14,-5
4677025300,2025-03-31,전라남도,고흥군,도양읍,9380,4614,4766,9360,4609,4751,-20,-5,-15
4677025400,2025-03-31,전라남도,고흥군,도양읍소록출장소,522,272,250,521,270,251,-1,-2,1
4677025500,2025-03-31,전라남도,고흥군,도양읍시산출장소,186,96,90,184,95,89,-2,-1,-1
4677031000,2025-03-31,전라남도,고흥군,풍양면,2877,1454,1423,2885,1460,1425,8,6,2
4677032000,2025-03-31,전라남도,고흥군,도덕면,2700,1352,1348,2706,1361,1345,6,9,-3
4677033000,2025-03-31,전라남도,고흥군,금산면,4008,1981,2027,3999,1974,2025,-9,-7,-2
4677034000,2025-03-31,전라남도,고흥군,도화면,3584,1758,1826,3586,1757,1829,2,-1,3
4677035000,2025-03-31,전라남도,고흥군,포두면,4521,2192,2329,4509,2190,2319,-12,-2,-10
4677036000,2025-03-31,전라남도,고흥군,봉래면,1814,908,906,1814,914,900,0,6,-6
4677037000,2025-03-31,전라남도,고흥군,점암면,2541,1251,1290,2543,1252,1291,2,1,1
4677038000,2025-03-31,전라남도,고흥군,과역면,3028,1460,1568,3043,1469,1574,15,9,6
4677039000,2025-03-31,전라남도,고흥군,남양면,2178,1048,1130,2171,1054,1117,-7,6,-13
4677040000,2025-03-31,전라남도,고흥군,동강면,2890,1440,1450,2882,1435,1447,-8,-5,-3
4677041000,2025-03-31,전라남도,고흥군,대서면,2092,1047,1045,2091,1044,1047,-1,-3,2
4677042000,2025-03-31,전라남도,고흥군,두원면,2829,1369,1460,2839,1373,1466,10,4,6
4677044000,2025-03-31,전라남도,고흥군,영남면,1178,578,600,1173,576,597,-5,-2,-3
4677045000,2025-03-31,전라남도,고흥군,동일면,1404,736,668,1404,736,668,0,0,0
4678025000,2025-03-31,전라남도,보성군,보성읍,8367,4104,4263,8353,4083,4270,-14,-21,7
4678025300,2025-03-31,전라남도,보성군,벌교읍,10833,5297,5536,10823,5285,5538,-10,-12,2
4678031000,2025-03-31,전라남도,보성군,노동면,1061,525,536,1061,529,532,0,4,-4
4678032000,2025-03-31,전라남도,보성군,미력면,1302,662,640,1304,663,641,2,1,1
4678033000,2025-03-31,전라남도,보성군,겸백면,1072,536,536,1080,543,537,8,7,1
4678034000,2025-03-31,전라남도,보성군,율어면,1119,563,556,1117,562,555,-2,-1,-1
4678035000,2025-03-31,전라남도,보성군,복내면,1513,739,774,1504,728,776,-9,-11,2
4678036000,2025-03-31,전라남도,보성군,문덕면,898,457,441,896,459,437,-2,2,-4
4678037000,2025-03-31,전라남도,보성군,조성면,3373,1623,1750,3369,1625,1744,-4,2,-6
4678038000,2025-03-31,전라남도,보성군,득량면,2512,1253,1259,2516,1257,1259,4,4,0
4678038500,2025-03-31,전라남도,보성군,득량면예당출장소,1091,532,559,1084,529,555,-7,-3,-4
4678039000,2025-03-31,전라남도,보성군,회천면,2844,1400,1444,2844,1399,1445,0,-1,1
4678040000,2025-03-31,전라남도,보성군,웅치면,1022,509,513,1023,510,513,1,1,0
4679025000,2025-03-31,전라남도,화순군,화순읍,39076,19060,20016,39038,19049,19989,-38,-11,-27
4679031000,2025-03-31,전라남도,화순군,한천면,896,463,433,901,466,435,5,3,2
4679031500,2025-03-31,전라남도,화순군,한천면영외출장소,407,193,214,408,194,214,1,1,0
4679032000,2025-03-31,전라남도,화순군,춘양면,1677,867,810,1676,866,810,-1,-1,0
4679033000,2025-03-31,전라남도,화순군,청풍면,953,487,466,957,488,469,4,1,3
4679034000,2025-03-31,전라남도,화순군,이양면,1701,853,848,1705,855,850,4,2,2
4679035000,2025-03-31,전라남도,화순군,능주면,2885,1410,1475,2885,1409,1476,0,-1,1
4679036000,2025-03-31,전라남도,화순군,도곡면,2710,1402,1308,2703,1395,1308,-7,-7,0
4679037000,2025-03-31,전라남도,화순군,도암면,1338,699,639,1343,700,643,5,1,4
4679038000,2025-03-31,전라남도,화순군,이서면,943,489,454,938,486,452,-5,-3,-2
4679039500,2025-03-31,전라남도,화순군,백아면,1505,763,742,1509,765,744,4,2,2
4679040000,2025-03-31,전라남도,화순군,동복면,1483,716,767,1477,710,767,-6,-6,0
4679041500,2025-03-31,전라남도,화순군,사평면,2074,1065,1009,2073,1065,1008,-1,0,-1
4679042000,2025-03-31,전라남도,화순군,동면,2958,1519,1439,2969,1522,1447,11,3,8
4680025000,2025-03-31,전라남도,장흥군,장흥읍,14434,7064,7370,14435,7078,7357,1,14,-13
4680025300,2025-03-31,전라남도,장흥군,관산읍,4443,2167,2276,4423,2155,2268,-20,-12,-8
4680025600,2025-03-31,전라남도,장흥군,대덕읍,2986,1464,1522,2989,1464,1525,3,0,3
4680031000,2025-03-31,전라남도,장흥군,용산면,2073,1016,1057,2073,1019,1054,0,3,-3
4680032000,2025-03-31,전라남도,장흥군,안양면,2599,1297,1302,2614,1306,1308,15,9,6
4680033000,2025-03-31,전라남도,장흥군,장동면,1102,533,569,1106,537,569,4,4,0
4680034000,2025-03-31,전라남도,장흥군,장평면,1940,968,972,1945,970,975,5,2,3
4680035000,2025-03-31,전라남도,장흥군,유치면,932,461,471,928,460,468,-4,-1,-3
4680036000,2025-03-31,전라남도,장흥군,부산면,1317,647,670,1318,649,669,1,2,-1
4680037000,2025-03-31,전라남도,장흥군,회진면,2485,1229,1256,2488,1231,1257,3,2,1
4681025000,2025-03-31,전라남도,강진군,강진읍,12771,6162,6609,12761,6160,6601,-10,-2,-8
4681031000,2025-03-31,전라남도,강진군,군동면,4287,2131,2156,4278,2129,2149,-9,-2,-7
4681032000,2025-03-31,전라남도,강진군,칠량면,2069,1031,1038,2058,1025,1033,-11,-6,-5
4681033000,2025-03-31,전라남도,강진군,대구면,1010,485,525,1011,486,525,1,1,0
4681034000,2025-03-31,전라남도,강진군,도암면,2314,1135,1179,2308,1134,1174,-6,-1,-5
4681035000,2025-03-31,전라남도,강진군,신전면,1627,808,819,1628,806,822,1,-2,3
4681036000,2025-03-31,전라남도,강진군,성전면,2593,1294,1299,2598,1295,1303,5,1,4
4681037000,2025-03-31,전라남도,강진군,작천면,1700,855,845,1704,861,843,4,6,-2
4681038000,2025-03-31,전라남도,강진군,병영면,1476,713,763,1473,713,760,-3,0,-3
4681039000,2025-03-31,전라남도,강진군,옴천면,577,291,286,576,291,285,-1,0,-1
4681040000,2025-03-31,전라남도,강진군,마량면,1661,829,832,1655,826,829,-6,-3,-3
4682025000,2025-03-31,전라남도,해남군,해남읍,23511,11536,11975,23486,11529,11957,-25,-7,-18
4682031000,2025-03-31,전라남도,해남군,삼산면,2691,1361,1330,2688,1362,1326,-3,1,-4
4682032000,2025-03-31,전라남도,해남군,화산면,2881,1466,1415,2877,1460,1417,-4,-6,2
4682033000,2025-03-31,전라남도,해남군,현산면,2606,1304,1302,2609,1305,1304,3,1,2
4682034000,2025-03-31,전라남도,해남군,송지면,5532,2755,2777,5512,2749,2763,-20,-6,-14
4682035000,2025-03-31,전라남도,해남군,북평면,2513,1234,1279,2517,1234,1283,4,0,4
4682036000,2025-03-31,전라남도,해남군,북일면,1848,902,946,1842,899,943,-6,-3,-3
4682037000,2025-03-31,전라남도,해남군,옥천면,2773,1415,1358,2778,1415,1363,5,0,5
4682038000,2025-03-31,전라남도,해남군,계곡면,2014,986,1028,2012,984,1028,-2,-2,0
4682039000,2025-03-31,전라남도,해남군,마산면,2215,1152,1063,2227,1155,1072,12,3,9
4682040000,2025-03-31,전라남도,해남군,황산면,4219,2117,2102,4217,2115,2102,-2,-2,0
4682041000,2025-03-31,전라남도,해남군,산이면,3349,1752,1597,3358,1754,1604,9,2,7
4682042000,2025-03-31,전라남도,해남군,문내면,3553,1803,1750,3547,1797,1750,-6,-6,0
4682043000,2025-03-31,전라남도,해남군,화원면,3205,1743,1462,3201,1740,1461,-4,-3,-1
4683025000,2025-03-31,전라남도,영암군,영암읍,7699,3812,3887,7678,3799,3879,-21,-13,-8
4683025300,2025-03-31,전라남도,영암군,삼호읍,15311,8235,7076,15264,8212,7052,-47,-23,-24
4683025400,2025-03-31,전라남도,영암군,삼호읍서부출장소,6136,3727,2409,6083,3705,2378,-53,-22,-31
4683031000,2025-03-31,전라남도,영암군,덕진면,1685,843,842,1674,837,837,-11,-6,-5
4683032000,2025-03-31,전라남도,영암군,금정면,1965,1009,956,1964,1009,955,-1,0,-1
4683033000,2025-03-31,전라남도,영암군,신북면,3361,1713,1648,3356,1712,1644,-5,-1,-4
4683034000,2025-03-31,전라남도,영암군,시종면,3235,1683,1552,3235,1680,1555,0,-3,3
4683035000,2025-03-31,전라남도,영암군,도포면,2059,1071,988,2054,1069,985,-5,-2,-3
4683036000,2025-03-31,전라남도,영암군,군서면,3014,1478,1536,3005,1470,1535,-9,-8,-1
4683037000,2025-03-31,전라남도,영암군,서호면,1776,862,914,1773,864,909,-3,2,-5
4683038000,2025-03-31,전라남도,영암군,학산면,2816,1365,1451,2821,1363,1458,5,-2,7
4683039000,2025-03-31,전라남도,영암군,미암면,2059,1038,1021,2064,1042,1022,5,4,1
4684025000,2025-03-31,전라남도,무안군,무안읍,10792,5365,5427,10766,5369,5397,-26,4,-30
4684025300,2025-03-31,전라남도,무안군,일로읍,21587,10711,10876,21950,10905,11045,363,194,169
4684025600,2025-03-31,전라남도,무안군,삼향읍,5035,2665,2370,5040,2666,2374,5,1,4
4684025800,2025-03-31,전라남도,무안군,삼향읍남악출장소,33365,16416,16949,33322,16399,16923,-43,-17,-26
4684032000,2025-03-31,전라남도,무안군,몽탄면,2768,1385,1383,2759,1383,1376,-9,-2,-7
4684033000,2025-03-31,전라남도,무안군,청계면,6362,3365,2997,6342,3355,2987,-20,-10,-10
4684034000,2025-03-31,전라남도,무안군,현경면,4297,2234,2063,4282,2227,2055,-15,-7,-8
4684035000,2025-03-31,전라남도,무안군,망운면,1783,916,867,1784,916,868,1,0,1
4684036000,2025-03-31,전라남도,무안군,해제면,4520,2309,2211,4511,2306,2205,-9,-3,-6
4684037000,2025-03-31,전라남도,무안군,운남면,2695,1409,1286,2690,1409,1281,-5,0,-5
4686025000,2025-03-31,전라남도,함평군,함평읍,8140,4048,4092,8158,4066,4092,18,18,0
4686031000,2025-03-31,전라남도,함평군,손불면,3097,1602,1495,3100,1604,1496,3,2,1
4686032000,2025-03-31,전라남도,함평군,신광면,1695,865,830,1693,863,830,-2,-2,0
4686033000,2025-03-31,전라남도,함평군,학교면,3376,1699,1677,3368,1697,1671,-8,-2,-6
4686034000,2025-03-31,전라남도,함평군,엄다면,1794,872,922,1797,877,920,3,5,-2
4686035000,2025-03-31,전라남도,함평군,대동면,2983,1560,1423,2978,1562,1416,-5,2,-7
4686036000,2025-03-31,전라남도,함평군,나산면,2625,1337,1288,2628,1344,1284,3,7,-4
4686037000,2025-03-31,전라남도,함평군,해보면,2660,1357,1303,2656,1359,1297,-4,2,-6
4686038000,2025-03-31,전라남도,함평군,월야면,3495,1857,1638,3493,1858,1635,-2,1,-3
4687025000,2025-03-31,전라남도,영광군,영광읍,22728,11190,11538,22806,11231,11575,78,41,37
4687025300,2025-03-31,전라남도,영광군,백수읍,4358,2142,2216,4394,2155,2239,36,13,23
4687025600,2025-03-31,전라남도,영광군,홍농읍,6797,3564,3233,6800,3564,3236,3,0,3
4687031000,2025-03-31,전라남도,영광군,대마면,1581,825,756,1598,832,766,17,7,10
4687032000,2025-03-31,전라남도,영광군,묘량면,1705,868,837,1705,869,836,0,1,-1
4687033000,2025-03-31,전라남도,영광군,불갑면,1420,737,683,1464,760,704,44,23,21
4687034000,2025-03-31,전라남도,영광군,군서면,2238,1147,1091,2254,1159,1095,16,12,4
4687035000,2025-03-31,전라남도,영광군,군남면,2250,1070,1180,2242,1066,1176,-8,-4,-4
4687036000,2025-03-31,전라남도,영광군,염산면,3768,1885,1883,3767,1876,1891,-1,-9,8
4687037000,2025-03-31,전라남도,영광군,법성면,4827,2383,2444,4816,2386,2430,-11,3,-14
4687038000,2025-03-31,전라남도,영광군,낙월면,426,261,165,430,264,166,4,3,1
4687038500,2025-03-31,전라남도,영광군,낙월면안마출장소,210,128,82,211,129,82,1,1,0
4688025000,2025-03-31,전라남도,장성군,장성읍,13563,6672,6891,14154,6964,7190,591,292,299
4688031000,2025-03-31,전라남도,장성군,진원면,3614,1823,1791,3597,1815,1782,-17,-8,-9
4688032000,2025-03-31,전라남도,장성군,남면,3628,1977,1651,3610,1965,1645,-18,-12,-6
4688033000,2025-03-31,전라남도,장성군,동화면,1803,968,835,1788,961,827,-15,-7,-8
4688034000,2025-03-31,전라남도,장성군,삼서면,3014,1605,1409,3018,1612,1406,4,7,-3
4688035000,2025-03-31,전라남도,장성군,삼계면,5189,2761,2428,5118,2730,2388,-71,-31,-40
4688036000,2025-03-31,전라남도,장성군,황룡면,3819,1965,1854,3789,1951,1838,-30,-14,-16
4688037000,2025-03-31,전라남도,장성군,서삼면,1488,773,715,1474,766,708,-14,-7,-7
4688038000,2025-03-31,전라남도,장성군,북일면,1326,679,647,1314,676,638,-12,-3,-9
4688039000,2025-03-31,전라남도,장성군,북이면,2640,1308,1332,2636,1305,1331,-4,-3,-1
4688040000,2025-03-31,전라남도,장성군,북하면,1970,1000,970,1962,995,967,-8,-5,-3
4689025000,2025-03-31,전라남도,완도군,완도읍,16967,8553,8414,16934,8522,8412,-33,-31,-2
4689025300,2025-03-31,전라남도,완도군,금일읍,3397,1719,1678,3375,1713,1662,-22,-6,-16
4689025600,2025-03-31,전라남도,완도군,노화읍,3865,1972,1893,3867,1975,1892,2,3,-1
4689029000,2025-03-31,전라남도,완도군,노화읍넙도출장소,703,385,318,698,383,315,-5,-2,-3
4689031000,2025-03-31,전라남도,완도군,군외면,2931,1478,1453,2930,1482,1448,-1,4,-5
4689032000,2025-03-31,전라남도,완도군,신지면,3116,1607,1509,3120,1609,1511,4,2,2
4689033000,2025-03-31,전라남도,완도군,고금면,3818,1876,1942,3817,1878,1939,-1,2,-3
4689034000,2025-03-31,전라남도,완도군,약산면,2160,1106,1054,2154,1103,1051,-6,-3,-3
4689035000,2025-03-31,전라남도,완도군,청산면,1917,975,942,1906,970,936,-11,-5,-6
4689035500,2025-03-31,전라남도,완도군,청산면모도출장소,221,123,98,225,124,101,4,1,3
4689036000,2025-03-31,전라남도,완도군,소안면,2246,1110,1136,2251,1114,1137,5,4,1
4689037000,2025-03-31,전라남도,완도군,금당면,863,437,426,863,436,427,0,-1,1
4689038000,2025-03-31,전라남도,완도군,보길면,2448,1236,1212,2447,1236,1211,-1,0,-1
4689039000,2025-03-31,전라남도,완도군,생일면,733,390,343,736,392,344,3,2,1
4690025000,2025-03-31,전라남도,진도군,진도읍,10281,5098,5183,10280,5100,5180,-1,2,-3
4690031000,2025-03-31,전라남도,진도군,군내면,2773,1411,1362,2774,1415,1359,1,4,-3
4690032000,2025-03-31,전라남도,진도군,고군면,3308,1598,1710,3303,1594,1709,-5,-4,-1
4690033000,2025-03-31,전라남도,진도군,의신면,3250,1648,1602,3255,1655,1600,5,7,-2
4690034000,2025-03-31,전라남도,진도군,임회면,3156,1547,1609,3169,1553,1616,13,6,7
4690035000,2025-03-31,전라남도,진도군,지산면,2878,1413,1465,2871,1416,1455,-7,3,-10
4690036000,2025-03-31,전라남도,진도군,조도면,2081,1082,999,2082,1086,996,1,4,-3
4690036500,2025-03-31,전라남도,진도군,조도면가사출장소,239,133,106,240,133,107,1,0,1
4690036600,2025-03-31,전라남도,진도군,조도면거차출장소,382,200,182,383,199,184,1,-1,2
4691025000,2025-03-31,전라남도,신안군,지도읍,4411,2325,2086,4446,2344,2102,35,19,16
4691025100,2025-03-31,전라남도,신안군,지도읍선도출장소,220,110,110,221,110,111,1,0,1
4691025300,2025-03-31,전라남도,신안군,압해읍,5575,3040,2535,5611,3057,2554,36,17,19
4691025400,2025-03-31,전라남도,신안군,압해읍매화출장소,247,128,119,246,128,118,-1,0,-1
4691025500,2025-03-31,전라남도,신안군,압해읍고이도출장소,208,120,88,210,122,88,2,2,0
4691031000,2025-03-31,전라남도,신안군,증도면,1420,777,643,1434,787,647,14,10,4
4691031500,2025-03-31,전라남도,신안군,증도면병풍출장소,298,170,128,304,174,130,6,4,2
4691032000,2025-03-31,전라남도,신안군,임자면,3239,1729,1510,3249,1735,1514,10,6,4
4691033000,2025-03-31,전라남도,신안군,자은면,2312,1227,1085,2483,1296,1187,171,69,102
4691034000,2025-03-31,전라남도,신안군,비금면,3508,1891,1617,3514,1893,1621,6,2,4
4691034500,2025-03-31,전라남도,신안군,비금면수치도출장소,142,83,59,142,83,59,0,0,0
4691035000,2025-03-31,전라남도,신안군,도초면,2391,1270,1121,2397,1272,1125,6,2,4
4691035500,2025-03-31,전라남도,신안군,도초면우이도출장소,222,128,94,226,129,97,4,1,3
4691036000,2025-03-31,전라남도,신안군,흑산면,2072,1201,871,2067,1200,867,-5,-1,-4
4691036500,2025-03-31,전라남도,신안군,흑산면가거도출장소,355,233,122,355,234,121,0,1,-1
4691036600,2025-03-31,전라남도,신안군,흑산면태도출장소,197,114,83,200,115,85,3,1,2
4691036700,2025-03-31,전라남도,신안군,흑산면홍도출장소,444,254,190,438,250,188,-6,-4,-2
4691036800,2025-03-31,전라남도,신안군,흑산면대둔도출장소,274,168,106,274,169,105,0,1,-1
4691037000,2025-03-31,전라남도,신안군,하의면,1610,885,725,1605,883,722,-5,-2,-3
4691038000,2025-03-31,전라남도,신안군,신의면,1503,821,682,1513,826,687,10,5,5
4691039000,2025-03-31,전라남도,신안군,장산면,1484,812,672,1493,816,677,9,4,5
4691040000,2025-03-31,전라남도,신안군,안좌면,3411,1784,1627,3432,1796,1636,21,12,9
4691041000,2025-03-31,전라남도,신안군,팔금면,901,453,448,902,453,449,1,0,1
4691042000,2025-03-31,전라남도,신안군,암태면,1932,1026,906,1932,1024,908,0,-2,2
4711125000,2025-03-31,경상북도,포항시 남구,구룡포읍,6576,3327,3249,6540,3305,3235,-36,-22,-14
4711125300,2025-03-31,경상북도,포항시 남구,연일읍,27773,14076,13697,27700,14027,13673,-73,-49,-24
4711125600,2025-03-31,경상북도,포항시 남구,오천읍,57156,30853,26303,57108,30814,26294,-48,-39,-9
4711131000,2025-03-31,경상북도,포항시 남구,대송면,3072,1605,1467,3046,1594,1452,-26,-11,-15
4711132000,2025-03-31,경상북도,포항시 남구,동해면,9156,4632,4524,9143,4628,4515,-13,-4,-9
4711133000,2025-03-31,경상북도,포항시 남구,장기면,3704,1820,1884,3703,1817,1886,-1,-3,2
4711135000,2025-03-31,경상북도,포항시 남구,호미곶면,1676,808,868,1666,802,864,-10,-6,-4
4711152500,2025-03-31,경상북도,포항시 남구,상대동,22744,11926,10818,22681,11890,10791,-63,-36,-27
4711154500,2025-03-31,경상북도,포항시 남구,해도동,15873,8181,7692,15811,8140,7671,-62,-41,-21
4711155000,2025-03-31,경상북도,포항시 남구,송도동,11139,5538,5601,11135,5534,5601,-4,-4,0
4711156000,2025-03-31,경상북도,포항시 남구,청림동,4601,2544,2057,4550,2518,2032,-51,-26,-25
4711157000,2025-03-31,경상북도,포항시 남구,제철동,2285,1245,1040,2306,1264,1042,21,19,2
4711158000,2025-03-31,경상북도,포항시 남구,효곡동,29324,14950,14374,29230,14917,14313,-94,-33,-61
4711159000,2025-03-31,경상북도,포항시 남구,대이동,23916,12208,11708,23866,12194,11672,-50,-14,-36
4711325000,2025-03-31,경상북도,포항시 북구,흥해읍,56576,28625,27951,57388,29025,28363,812,400,412
4711331000,2025-03-31,경상북도,포항시 북구,신광면,2721,1376,1345,2715,1375,1340,-6,-1,-5
4711332000,2025-03-31,경상북도,포항시 북구,청하면,4433,2189,2244,4397,2168,2229,-36,-21,-15
4711333000,2025-03-31,경상북도,포항시 북구,송라면,2295,1113,1182,2293,1108,1185,-2,-5,3
4711334000,2025-03-31,경상북도,포항시 북구,기계면,4745,2330,2415,4769,2346,2423,24,16,8
4711335000,2025-03-31,경상북도,포항시 북구,죽장면,2034,1044,990,2037,1044,993,3,0,3
4711335500,2025-03-31,경상북도,포항시 북구,죽장면상옥출장소,604,316,288,609,321,288,5,5,0
4711336000,2025-03-31,경상북도,포항시 북구,기북면,1290,639,651,1286,636,650,-4,-3,-1
4711352000,2025-03-31,경상북도,포항시 북구,중앙동,13663,6727,6936,13632,6732,6900,-31,5,-36
4711363000,2025-03-31,경상북도,포항시 북구,양학동,16327,8010,8317,16259,7977,8282,-68,-33,-35
4711365500,2025-03-31,경상북도,포항시 북구,죽도동,18573,9248,9325,18488,9209,9279,-85,-39,-46
4711366500,2025-03-31,경상북도,포항시 북구,용흥동,19786,9658,10128,19685,9599,10086,-101,-59,-42
4711368000,2025-03-31,경상북도,포항시 북구,우창동,31311,15197,16114,31252,15182,16070,-59,-15,-44
4711369000,2025-03-31,경상북도,포항시 북구,두호동,21187,10379,10808,21125,10348,10777,-62,-31,-31
4711370000,2025-03-31,경상북도,포항시 북구,장량동,67621,34428,33193,67360,34260,33100,-261,-168,-93
4711371000,2025-03-31,경상북도,포항시 북구,환여동,8696,4254,4442,8668,4241,4427,-28,-13,-15
4713025000,2025-03-31,경상북도,경주시,감포읍,5176,2603,2573,5145,2572,2573,-31,-31,0
4713025300,2025-03-31,경상북도,경주시,안강읍,22421,11144,11277,22311,11096,11215,-110,-48,-62
4713025600,2025-03-31,경상북도,경주시,건천읍,11554,5870,5684,12476,6293,6183,922,423,499
4713025900,2025-03-31,경상북도,경주시,외동읍,21412,11380,10032,21351,11341,10010,-61,-39,-22
4713031500,2025-03-31,경상북도,경주시,문무대왕면,4033,2112,1921,4001,2099,1902,-32,-13,-19
4713032000,2025-03-31,경상북도,경주시,양남면,6300,3335,2965,6281,3323,2958,-19,-12,-7
4713033000,2025-03-31,경상북도,경주시,내남면,4397,2232,2165,4387,2226,2161,-10,-6,-4
4713034000,2025-03-31,경상북도,경주시,산내면,3171,1594,1577,3169,1588,1581,-2,-6,4
4713035000,2025-03-31,경상북도,경주시,서면,2944,1509,1435,2941,1507,1434,-3,-2,-1
4713036000,2025-03-31,경상북도,경주시,현곡면,21770,10721,11049,21675,10682,10993,-95,-39,-56
4713037000,2025-03-31,경상북도,경주시,강동면,5911,3053,2858,5906,3054,2852,-5,1,-6
4713038000,2025-03-31,경상북도,경주시,천북면,5497,2862,2635,5479,2854,2625,-18,-8,-10
4713051500,2025-03-31,경상북도,경주시,중부동,4545,2250,2295,4505,2216,2289,-40,-34,-6
4713053000,2025-03-31,경상북도,경주시,황오동,5620,2688,2932,5589,2673,2916,-31,-15,-16
4713055000,2025-03-31,경상북도,경주시,성건동,12802,6310,6492,12768,6286,6482,-34,-24,-10
4713057000,2025-03-31,경상북도,경주시,황남동,3769,1874,1895,3754,1875,1879,-15,1,-16
4713059000,2025-03-31,경상북도,경주시,선도동,13923,6970,6953,13787,6896,6891,-136,-74,-62
4713060500,2025-03-31,경상북도,경주시,월성동,5395,2642,2753,5365,2630,2735,-30,-12,-18
4713061500,2025-03-31,경상북도,경주시,용강동,25061,12328,12733,24897,12254,12643,-164,-74,-90
4713062100,2025-03-31,경상북도,경주시,황성동,26928,13154,13774,27090,13228,13862,162,74,88
4713063000,2025-03-31,경상북도,경주시,동천동,20443,10167,10276,20279,10098,10181,-164,-69,-95
4713065000,2025-03-31,경상북도,경주시,불국동,9642,4836,4806,9627,4830,4797,-15,-6,-9
4713066000,2025-03-31,경상북도,경주시,보덕동,1620,802,818,1625,807,818,5,5,0
4715025000,2025-03-31,경상북도,김천시,아포읍,8011,4024,3987,8033,4037,3996,22,13,9
4715031000,2025-03-31,경상북도,김천시,농소면,3090,1619,1471,3090,1620,1470,0,1,-1
4715032000,2025-03-31,경상북도,김천시,남면,2888,1481,1407,2856,1467,1389,-32,-14,-18
4715034000,2025-03-31,경상북도,김천시,개령면,2195,1128,1067,2195,1126,1069,0,-2,2
4715035000,2025-03-31,경상북도,김천시,감문면,3076,1546,1530,3067,1540,1527,-9,-6,-3
4715036000,2025-03-31,경상북도,김천시,어모면,3990,2035,1955,3966,2019,1947,-24,-16,-8
4715037000,2025-03-31,경상북도,김천시,봉산면,2852,1481,1371,2847,1480,1367,-5,-1,-4
4715038000,2025-03-31,경상북도,김천시,대항면,3156,1619,1537,3153,1622,1531,-3,3,-6
4715039000,2025-03-31,경상북도,김천시,감천면,1767,912,855,1749,902,847,-18,-10,-8
4715040000,2025-03-31,경상북도,김천시,조마면,2064,1050,1014,2066,1049,1017,2,-1,3
4715041000,2025-03-31,경상북도,김천시,구성면,2574,1267,1307,2575,1275,1300,1,8,-7
4715042000,2025-03-31,경상북도,김천시,지례면,1384,709,675,1385,706,679,1,-3,4
4715043000,2025-03-31,경상북도,김천시,부항면,1201,606,595,1206,611,595,5,5,0
4715044000,2025-03-31,경상북도,김천시,대덕면,2104,1050,1054,2156,1083,1073,52,33,19
4715045000,2025-03-31,경상북도,김천시,증산면,955,474,481,953,470,483,-2,-4,2
4715051600,2025-03-31,경상북도,김천시,자산동,5906,2950,2956,5899,2963,2936,-7,13,-20
4715053600,2025-03-31,경상북도,김천시,평화남산동,6891,3390,3501,6871,3391,3480,-20,1,-21
4715056500,2025-03-31,경상북도,김천시,양금동,3444,1662,1782,3419,1649,1770,-25,-13,-12
4715057500,2025-03-31,경상북도,김천시,대신동,23524,11674,11850,23474,11638,11836,-50,-36,-14
4715059500,2025-03-31,경상북도,김천시,대곡동,20321,10216,10105,20465,10361,10104,144,145,-1
4715061000,2025-03-31,경상북도,김천시,지좌동,10469,5383,5086,10459,5377,5082,-10,-6,-4
4715064000,2025-03-31,경상북도,김천시,율곡동,23365,11716,11649,23334,11696,11638,-31,-20,-11
4717025000,2025-03-31,경상북도,안동시,풍산읍,7800,3942,3858,7870,3968,3902,70,26,44
4717031000,2025-03-31,경상북도,안동시,와룡면,3713,1915,1798,3700,1912,1788,-13,-3,-10
4717032000,2025-03-31,경상북도,안동시,북후면,2742,1435,1307,2734,1427,1307,-8,-8,0
4717033000,2025-03-31,경상북도,안동시,서후면,3594,1894,1700,3623,1897,1726,29,3,26
4717034000,2025-03-31,경상북도,안동시,풍천면,7317,3740,3577,7379,3766,3613,62,26,36
4717035000,2025-03-31,경상북도,안동시,일직면,2385,1153,1232,2390,1147,1243,5,-6,11
4717036000,2025-03-31,경상북도,안동시,남후면,1587,795,792,1587,795,792,0,0,0
4717037000,2025-03-31,경상북도,안동시,남선면,1963,1006,957,1963,1008,955,0,2,-2
4717038000,2025-03-31,경상북도,안동시,임하면,2560,1344,1216,2561,1350,1211,1,6,-5
4717039000,2025-03-31,경상북도,안동시,길안면,2537,1302,1235,2545,1310,1235,8,8,0
4717040000,2025-03-31,경상북도,안동시,임동면,1599,823,776,1585,813,772,-14,-10,-4
4717041000,2025-03-31,경상북도,안동시,예안면,1651,854,797,1650,853,797,-1,-1,0
4717042000,2025-03-31,경상북도,안동시,도산면,1393,753,640,1388,752,636,-5,-1,-4
4717043000,2025-03-31,경상북도,안동시,녹전면,1585,822,763,1588,827,761,3,5,-2
4717051000,2025-03-31,경상북도,안동시,중구동,4723,2323,2400,4747,2336,2411,24,13,11
4717052000,2025-03-31,경상북도,안동시,명륜동,4575,2198,2377,4575,2196,2379,0,-2,2
4717055500,2025-03-31,경상북도,안동시,용상동,23952,12006,11946,24112,12089,12023,160,83,77
4717058500,2025-03-31,경상북도,안동시,서구동,8237,3957,4280,8226,3952,4274,-11,-5,-6
4717060000,2025-03-31,경상북도,안동시,태화동,11923,5896,6027,11963,5920,6043,40,24,16
4717062000,2025-03-31,경상북도,안동시,평화동,5772,2781,2991,5768,2781,2987,-4,0,-4
4717063000,2025-03-31,경상북도,안동시,안기동,5763,2844,2919,5758,2839,2919,-5,-5,0
4717065000,2025-03-31,경상북도,안동시,옥동,19796,9337,10459,19811,9342,10469,15,5,10
4717066000,2025-03-31,경상북도,안동시,송하동,15083,7362,7721,15071,7376,7695,-12,14,-26
4717069000,2025-03-31,경상북도,안동시,강남동,10303,5067,5236,10299,5058,5241,-4,-9,5
4719025000,2025-03-31,경상북도,구미시,선산읍,13470,6634,6836,13458,6634,6824,-12,0,-12
4719025300,2025-03-31,경상북도,구미시,고아읍,38914,19469,19445,38875,19443,19432,-39,-26,-13
4719025600,2025-03-31,경상북도,구미시,산동읍,30594,15931,14663,30666,15965,14701,72,34,38
4719031000,2025-03-31,경상북도,구미시,무을면,1738,866,872,1743,869,874,5,3,2
4719032000,2025-03-31,경상북도,구미시,옥성면,1611,831,780,1614,834,780,3,3,0
4719033000,2025-03-31,경상북도,구미시,도개면,2036,1044,992,2013,1034,979,-23,-10,-13
4719034000,2025-03-31,경상북도,구미시,해평면,3624,1929,1695,3630,1931,1699,6,2,4
4719036000,2025-03-31,경상북도,구미시,장천면,2764,1437,1327,2749,1430,1319,-15,-7,-8
4719051000,2025-03-31,경상북도,구미시,송정동,23338,11372,11966,23346,11368,11978,8,-4,12
4719053500,2025-03-31,경상북도,구미시,원평동,9544,5113,4431,9549,5109,4440,5,-4,9
4719055100,2025-03-31,경상북도,구미시,도량동,26687,12898,13789,26666,12882,13784,-21,-16,-5
4719055500,2025-03-31,경상북도,구미시,지산동,1847,958,889,1842,958,884,-5,0,-5
4719056500,2025-03-31,경상북도,구미시,선주원남동,36487,18577,17910,36505,18559,17946,18,-18,36
4719058200,2025-03-31,경상북도,구미시,형곡1동,12639,6201,6438,12629,6186,6443,-10,-15,5
4719058300,2025-03-31,경상북도,구미시,형곡2동,15136,7520,7616,15084,7511,7573,-52,-9,-43
4719059000,2025-03-31,경상북도,구미시,신평1동,4624,2654,1970,4627,2651,1976,3,-3,6
4719060000,2025-03-31,경상북도,구미시,신평2동,2953,1572,1381,2930,1553,1377,-23,-19,-4
4719061000,2025-03-31,경상북도,구미시,비산동,12305,6468,5837,12349,6504,5845,44,36,8
4719063000,2025-03-31,경상북도,구미시,광평동,4059,2228,1831,4033,2216,1817,-26,-12,-14
4719064500,2025-03-31,경상북도,구미시,상모사곡동,29141,15319,13822,29206,15364,13842,65,45,20
4719066000,2025-03-31,경상북도,구미시,임오동,17221,9011,8210,17189,8981,8208,-32,-30,-2
4719067000,2025-03-31,경상북도,구미시,인동동,45859,24254,21605,45807,24210,21597,-52,-44,-8
4719068000,2025-03-31,경상북도,구미시,진미동,16279,9271,7008,16273,9300,6973,-6,29,-35
4719069000,2025-03-31,경상북도,구미시,양포동,46746,24734,22012,46943,24866,22077,197,132,65
4719070000,2025-03-31,경상북도,구미시,공단동,4004,2234,1770,3996,2233,1763,-8,-1,-7
4721025000,2025-03-31,경상북도,영주시,풍기읍,10323,5286,5037,10311,5278,5033,-12,-8,-4
4721031000,2025-03-31,경상북도,영주시,이산면,2173,1115,1058,2183,1119,1064,10,4,6
4721032000,2025-03-31,경상북도,영주시,평은면,1380,705,675,1368,699,669,-12,-6,-6
4721033000,2025-03-31,경상북도,영주시,문수면,1862,963,899,1860,962,898,-2,-1,-1
4721034000,2025-03-31,경상북도,영주시,장수면,1999,1020,979,1992,1013,979,-7,-7,0
4721035000,2025-03-31,경상북도,영주시,안정면,2768,1397,1371,2759,1396,1363,-9,-1,-8
4721036000,2025-03-31,경상북도,영주시,봉현면,2515,1283,1232,2523,1285,1238,8,2,6
4721037000,2025-03-31,경상북도,영주시,순흥면,1874,953,921,1882,955,927,8,2,6
4721038000,2025-03-31,경상북도,영주시,단산면,1702,840,862,1697,835,862,-5,-5,0
4721039000,2025-03-31,경상북도,영주시,부석면,2792,1396,1396,2792,1403,1389,0,7,-7
4721051000,2025-03-31,경상북도,영주시,상망동,7008,3478,3530,6993,3476,3517,-15,-2,-13
4721052500,2025-03-31,경상북도,영주시,하망동,5816,2821,2995,5794,2810,2984,-22,-11,-11
4721055000,2025-03-31,경상북도,영주시,영주1동,3499,1721,1778,3491,1723,1768,-8,2,-10
4721056000,2025-03-31,경상북도,영주시,영주2동,4531,2145,2386,4490,2123,2367,-41,-22,-19
4721059000,2025-03-31,경상북도,영주시,휴천1동,6162,3043,3119,6165,3046,3119,3,3,0
4721060000,2025-03-31,경상북도,영주시,휴천2동,9639,4712,4927,9705,4758,4947,66,46,20
4721061000,2025-03-31,경상북도,영주시,휴천3동,7091,3477,3614,7078,3470,3608,-13,-7,-6
4721062000,2025-03-31,경상북도,영주시,가흥1동,15278,7707,7571,15263,7708,7555,-15,1,-16
4721063000,2025-03-31,경상북도,영주시,가흥2동,10110,4955,5155,10119,4960,5159,9,5,4
4723025000,2025-03-31,경상북도,영천시,금호읍,10228,5429,4799,10199,5419,4780,-29,-10,-19
4723031000,2025-03-31,경상북도,영천시,청통면,3887,2055,1832,3879,2050,1829,-8,-5,-3
4723032000,2025-03-31,경상북도,영천시,신녕면,3577,1762,1815,3568,1757,1811,-9,-5,-4
4723033000,2025-03-31,경상북도,영천시,화산면,2982,1565,1417,2978,1568,1410,-4,3,-7
4723034000,2025-03-31,경상북도,영천시,화북면,2174,1094,1080,2163,1084,1079,-11,-10,-1
4723035000,2025-03-31,경상북도,영천시,화남면,3153,1666,1487,3150,1666,1484,-3,0,-3
4723036000,2025-03-31,경상북도,영천시,자양면,1300,688,612,1298,686,612,-2,-2,0
4723037000,2025-03-31,경상북도,영천시,임고면,4062,2097,1965,4061,2102,1959,-1,5,-6
4723038000,2025-03-31,경상북도,영천시,고경면,5594,3085,2509,5580,3067,2513,-14,-18,4
4723039000,2025-03-31,경상북도,영천시,북안면,4260,2271,1989,4256,2274,1982,-4,3,-7
4723040000,2025-03-31,경상북도,영천시,대창면,2956,1575,1381,2954,1571,1383,-2,-4,2
4723051000,2025-03-31,경상북도,영천시,동부동,26375,12959,13416,26335,12944,13391,-40,-15,-25
4723052000,2025-03-31,경상북도,영천시,중앙동,8938,4522,4416,8875,4486,4389,-63,-36,-27
4723053500,2025-03-31,경상북도,영천시,서부동,4379,2240,2139,4373,2241,2132,-6,1,-7
4723054000,2025-03-31,경상북도,영천시,완산동,9791,4773,5018,9810,4781,5029,19,8,11
4723055500,2025-03-31,경상북도,영천시,남부동,3783,2073,1710,3777,2073,1704,-6,0,-6
4725025000,2025-03-31,경상북도,상주시,함창읍,6097,2964,3133,6080,2954,3126,-17,-10,-7
4725031000,2025-03-31,경상북도,상주시,중동면,1295,644,651,1294,647,647,-1,3,-4
4725032500,2025-03-31,경상북도,상주시,사벌국면,3614,1817,1797,3619,1816,1803,5,-1,6
4725033000,2025-03-31,경상북도,상주시,낙동면,2793,1379,1414,2793,1376,1417,0,-3,3
4725033500,2025-03-31,경상북도,상주시,낙동면동부출장소,913,450,463,906,443,463,-7,-7,0
4725034000,2025-03-31,경상북도,상주시,청리면,2372,1128,1244,2388,1139,1249,16,11,5
4725035000,2025-03-31,경상북도,상주시,공성면,3804,1901,1903,3802,1903,1899,-2,2,-4
4725036000,2025-03-31,경상북도,상주시,외남면,1506,765,741,1504,765,739,-2,0,-2
4725037000,2025-03-31,경상북도,상주시,내서면,1798,937,861,1781,927,854,-17,-10,-7
4725038000,2025-03-31,경상북도,상주시,모동면,2503,1290,1213,2501,1289,1212,-2,-1,-1
4725039000,2025-03-31,경상북도,상주시,모서면,1612,824,788,1610,825,785,-2,1,-3
4725039500,2025-03-31,경상북도,상주시,모서면서부출장소,701,343,358,703,343,360,2,0,2
4725040000,2025-03-31,경상북도,상주시,화동면,1838,932,906,1831,928,903,-7,-4,-3
4725041000,2025-03-31,경상북도,상주시,화서면,2752,1361,1391,2749,1359,1390,-3,-2,-1
4725042000,2025-03-31,경상북도,상주시,화북면,1123,566,557,1118,562,556,-5,-4,-1
4725042600,2025-03-31,경상북도,상주시,화북면서부출장소,313,169,144,311,168,143,-2,-1,-1
4725043000,2025-03-31,경상북도,상주시,외서면,2473,1187,1286,2473,1184,1289,0,-3,3
4725044000,2025-03-31,경상북도,상주시,은척면,1089,521,568,1088,521,567,-1,0,-1
4725044500,2025-03-31,경상북도,상주시,은척면북부출장소,352,182,170,351,184,167,-1,2,-3
4725045000,2025-03-31,경상북도,상주시,공검면,1982,958,1024,1982,957,1025,0,-1,1
4725046000,2025-03-31,경상북도,상주시,이안면,1938,961,977,1932,958,974,-6,-3,-3
4725047000,2025-03-31,경상북도,상주시,화남면,786,392,394,783,391,392,-3,-1,-2
4725052000,2025-03-31,경상북도,상주시,남원동,10948,5408,5540,11018,5467,5551,70,59,11
4725053000,2025-03-31,경상북도,상주시,북문동,9124,4550,4574,9123,4562,4561,-1,12,-13
4725054000,2025-03-31,경상북도,상주시,계림동,8851,4257,4594,8836,4254,4582,-15,-3,-12
4725055000,2025-03-31,경상북도,상주시,동문동,7375,3571,3804,7330,3549,3781,-45,-22,-23
4725056000,2025-03-31,경상북도,상주시,동성동,3211,1545,1666,3204,1540,1664,-7,-5,-2
4725057000,2025-03-31,경상북도,상주시,신흥동,8305,4166,4139,8289,4165,4124,-16,-1,-15
4728025000,2025-03-31,경상북도,문경시,문경읍,5553,2655,2898,5589,2663,2926,36,8,28
4728025100,2025-03-31,경상북도,문경시,문경읍갈평출장소,1061,548,513,1060,548,512,-1,0,-1
4728025300,2025-03-31,경상북도,문경시,가은읍,3029,1481,1548,3001,1468,1533,-28,-13,-15
4728025400,2025-03-31,경상북도,문경시,가은읍북부출장소,848,452,396,849,450,399,1,-2,3
4728031000,2025-03-31,경상북도,문경시,영순면,2250,1188,1062,2288,1210,1078,38,22,16
4728032000,2025-03-31,경상북도,문경시,산양면,2906,1480,1426,2906,1486,1420,0,6,-6
4728033000,2025-03-31,경상북도,문경시,호계면,2248,1108,1140,2253,1109,1144,5,1,4
4728034000,2025-03-31,경상북도,문경시,산북면,2556,1288,1268,2547,1283,1264,-9,-5,-4
4728035000,2025-03-31,경상북도,문경시,동로면,1906,989,917,1902,989,913,-4,0,-4
4728036000,2025-03-31,경상북도,문경시,마성면,3252,1573,1679,3252,1574,1678,0,1,-1
4728037000,2025-03-31,경상북도,문경시,농암면,2481,1182,1299,2485,1189,1296,4,7,-3
4728057000,2025-03-31,경상북도,문경시,점촌1동,5296,2572,2724,5297,2572,2725,1,0,1
4728058000,2025-03-31,경상북도,문경시,점촌2동,6430,3076,3354,6437,3082,3355,7,6,1
4728059000,2025-03-31,경상북도,문경시,점촌3동,8412,4131,4281,8371,4104,4267,-41,-27,-14
4728060000,2025-03-31,경상북도,문경시,점촌4동,2926,1471,1455,2926,1470,1456,0,-1,1
4728061000,2025-03-31,경상북도,문경시,점촌5동,15554,7606,7948,15512,7578,7934,-42,-28,-14
4729025000,2025-03-31,경상북도,경산시,하양읍,32860,16608,16252,32850,16594,16256,-10,-14,4
4729025300,2025-03-31,경상북도,경산시,진량읍,33373,17504,15869,33361,17504,15857,-12,0,-12
4729025600,2025-03-31,경상북도,경산시,압량읍,21990,11729,10261,21984,11733,10251,-6,4,-10
4729031000,2025-03-31,경상북도,경산시,와촌면,5187,2788,2399,5165,2775,2390,-22,-13,-9
4729033000,2025-03-31,경상북도,경산시,자인면,5117,2647,2470,5109,2649,2460,-8,2,-10
4729034000,2025-03-31,경상북도,경산시,용성면,3201,1697,1504,3192,1698,1494,-9,1,-10
4729035000,2025-03-31,경상북도,경산시,남산면,3543,1825,1718,3549,1827,1722,6,2,4
4729037000,2025-03-31,경상북도,경산시,남천면,2700,1402,1298,2688,1396,1292,-12,-6,-6
4729051000,2025-03-31,경상북도,경산시,중방동,10818,5254,5564,10787,5226,5561,-31,-28,-3
4729052000,2025-03-31,경상북도,경산시,중앙동,5722,2822,2900,5698,2812,2886,-24,-10,-14
4729053000,2025-03-31,경상북도,경산시,남부동,18390,8977,9413,18376,8964,9412,-14,-13,-1
4729054100,2025-03-31,경상북도,경산시,서부1동,30080,14166,15914,30031,14139,15892,-49,-27,-22
4729054200,2025-03-31,경상북도,경산시,서부2동,41479,19775,21704,41528,19790,21738,49,15,34
4729055000,2025-03-31,경상북도,경산시,북부동,16417,8849,7568,16348,8808,7540,-69,-41,-28
4729056000,2025-03-31,경상북도,경산시,동부동,35680,17862,17818,35584,17832,17752,-96,-30,-66
4773025000,2025-03-31,경상북도,의성군,의성읍,12179,6057,6122,12201,6079,6122,22,22,0
4773031000,2025-03-31,경상북도,의성군,단촌면,1838,921,917,1833,920,913,-5,-1,-4
4773032000,2025-03-31,경상북도,의성군,점곡면,1499,760,739,1503,760,743,4,0,4
4773033000,2025-03-31,경상북도,의성군,옥산면,1674,841,833,1681,847,834,7,6,1
4773034000,2025-03-31,경상북도,의성군,사곡면,1517,748,769,1522,753,769,5,5,0
4773035000,2025-03-31,경상북도,의성군,춘산면,1479,766,713,1471,764,707,-8,-2,-6
4773036000,2025-03-31,경상북도,의성군,가음면,1426,741,685,1421,739,682,-5,-2,-3
4773037000,2025-03-31,경상북도,의성군,금성면,4049,2016,2033,4046,2021,2025,-3,5,-8
4773038000,2025-03-31,경상북도,의성군,봉양면,3815,1907,1908,3833,1937,1896,18,30,-12
4773039000,2025-03-31,경상북도,의성군,비안면,2528,1271,1257,2519,1265,1254,-9,-6,-3
4773040000,2025-03-31,경상북도,의성군,구천면,1669,849,820,1655,843,812,-14,-6,-8
4773041000,2025-03-31,경상북도,의성군,단밀면,1604,798,806,1590,792,798,-14,-6,-8
4773042000,2025-03-31,경상북도,의성군,단북면,1659,814,845,1652,812,840,-7,-2,-5
4773043000,2025-03-31,경상북도,의성군,안계면,4262,2052,2210,4267,2057,2210,5,5,0
4773044000,2025-03-31,경상북도,의성군,다인면,3567,1754,1813,3564,1758,1806,-3,4,-7
4773045000,2025-03-31,경상북도,의성군,신평면,800,400,400,807,405,402,7,5,2
4773046000,2025-03-31,경상북도,의성군,안평면,2032,1055,977,2041,1057,984,9,2,7
4773047000,2025-03-31,경상북도,의성군,안사면,844,419,425,850,425,425,6,6,0
4775025000,2025-03-31,경상북도,청송군,청송읍,4837,2391,2446,4840,2393,2447,3,2,1
4775031500,2025-03-31,경상북도,청송군,주왕산면,1776,885,891,1768,880,888,-8,-5,-3
4775032000,2025-03-31,경상북도,청송군,부남면,2362,1158,1204,2370,1164,1206,8,6,2
4775033000,2025-03-31,경상북도,청송군,현동면,1985,1004,981,1985,1004,981,0,0,0
4775034000,2025-03-31,경상북도,청송군,현서면,2394,1207,1187,2374,1193,1181,-20,-14,-6
4775035000,2025-03-31,경상북도,청송군,안덕면,2438,1228,1210,2432,1229,1203,-6,1,-7
4775036000,2025-03-31,경상북도,청송군,파천면,1671,842,829,1682,846,836,11,4,7
4775037000,2025-03-31,경상북도,청송군,진보면,6158,3135,3023,6149,3139,3010,-9,4,-13
4776025000,2025-03-31,경상북도,영양군,영양읍,6677,3281,3396,6677,3278,3399,0,-3,3
4776031000,2025-03-31,경상북도,영양군,입암면,1955,968,987,1953,970,983,-2,2,-4
4776032000,2025-03-31,경상북도,영양군,청기면,1545,789,756,1546,789,757,1,0,1
4776033000,2025-03-31,경상북도,영양군,일월면,1624,822,802,1626,820,806,2,-2,4
4776034000,2025-03-31,경상북도,영양군,수비면,1577,794,783,1574,789,785,-3,-5,2
4776035000,2025-03-31,경상북도,영양군,석보면,1893,967,926,1885,965,920,-8,-2,-6
4777025000,2025-03-31,경상북도,영덕군,영덕읍,10133,4880,5253,10129,4874,5255,-4,-6,2
4777031000,2025-03-31,경상북도,영덕군,강구면,5560,2635,2925,5559,2639,2920,-1,4,-5
4777032000,2025-03-31,경상북도,영덕군,남정면,2219,1092,1127,2213,1091,1122,-6,-1,-5
4777033000,2025-03-31,경상북도,영덕군,달산면,1060,502,558,1060,499,561,0,-3,3
4777034000,2025-03-31,경상북도,영덕군,지품면,1349,672,677,1354,675,679,5,3,2
4777034500,2025-03-31,경상북도,영덕군,지품면원전출장소,508,246,262,508,247,261,0,1,-1
4777035000,2025-03-31,경상북도,영덕군,축산면,843,395,448,849,397,452,6,2,4
4777035500,2025-03-31,경상북도,영덕군,축산면축산출장소,1463,686,777,1457,680,777,-6,-6,0
4777036000,2025-03-31,경상북도,영덕군,영해면,5835,2716,3119,5852,2731,3121,17,15,2
4777037000,2025-03-31,경상북도,영덕군,병곡면,2518,1225,1293,2505,1215,1290,-13,-10,-3
4777038000,2025-03-31,경상북도,영덕군,창수면,1511,748,763,1513,751,762,2,3,-1
4782025000,2025-03-31,경상북도,청도군,화양읍,6912,3414,3498,6909,3409,3500,-3,-5,2
4782025100,2025-03-31,경상북도,청도군,화양읍남성현출장소,1075,543,532,1081,546,535,6,3,3
4782025300,2025-03-31,경상북도,청도군,청도읍,9655,4752,4903,9613,4726,4887,-42,-26,-16
4782025400,2025-03-31,경상북도,청도군,청도읍유호출장소,1486,745,741,1485,745,740,-1,0,-1
4782031000,2025-03-31,경상북도,청도군,각남면,2107,1014,1093,2112,1019,1093,5,5,0
4782032000,2025-03-31,경상북도,청도군,풍각면,3681,1846,1835,3690,1859,1831,9,13,-4
4782033000,2025-03-31,경상북도,청도군,각북면,2290,1151,1139,2291,1151,1140,1,0,1
4782034000,2025-03-31,경상북도,청도군,이서면,4499,2213,2286,4492,2211,2281,-7,-2,-5
4782035000,2025-03-31,경상북도,청도군,운문면,1893,965,928,1898,961,937,5,-4,9
4782036000,2025-03-31,경상북도,청도군,금천면,3168,1638,1530,3158,1634,1524,-10,-4,-6
4782037000,2025-03-31,경상북도,청도군,매전면,3712,1885,1827,3708,1883,1825,-4,-2,-2
4783025300,2025-03-31,경상북도,고령군,대가야읍,9418,4778,4640,9414,4767,4647,-4,-11,7
4783031000,2025-03-31,경상북도,고령군,덕곡면,1439,732,707,1433,730,703,-6,-2,-4
4783032000,2025-03-31,경상북도,고령군,운수면,1736,878,858,1745,887,858,9,9,0
4783033000,2025-03-31,경상북도,고령군,성산면,2464,1362,1102,2454,1350,1104,-10,-12,2
4783034000,2025-03-31,경상북도,고령군,다산면,8429,4350,4079,8434,4341,4093,5,-9,14
4783035000,2025-03-31,경상북도,고령군,개진면,1802,1002,800,1797,997,800,-5,-5,0
4783036000,2025-03-31,경상북도,고령군,우곡면,1521,796,725,1517,797,720,-4,1,-5
4783037000,2025-03-31,경상북도,고령군,쌍림면,3188,1603,1585,3183,1602,1581,-5,-1,-4
4784025000,2025-03-31,경상북도,성주군,성주읍,13198,6669,6529,13170,6652,6518,-28,-17,-11
4784031000,2025-03-31,경상북도,성주군,선남면,5898,3237,2661,5878,3232,2646,-20,-5,-15
4784032000,2025-03-31,경상북도,성주군,용암면,3484,1934,1550,3490,1929,1561,6,-5,11
4784033000,2025-03-31,경상북도,성주군,수륜면,3163,1630,1533,3156,1629,1527,-7,-1,-6
4784034000,2025-03-31,경상북도,성주군,가천면,1920,975,945,1923,977,946,3,2,1
4784035500,2025-03-31,경상북도,성주군,금수강산면,1154,608,546,1156,610,546,2,2,0
4784036000,2025-03-31,경상북도,성주군,대가면,2225,1154,1071,2221,1153,1068,-4,-1,-3
4784037000,2025-03-31,경상북도,성주군,벽진면,2877,1518,1359,2877,1525,1352,0,7,-7
4784038000,2025-03-31,경상북도,성주군,초전면,4212,2165,2047,4194,2149,2045,-18,-16,-2
4784039000,2025-03-31,경상북도,성주군,월항면,3155,1703,1452,3149,1706,1443,-6,3,-9
4785025000,2025-03-31,경상북도,칠곡군,왜관읍,30446,15258,15188,30411,15221,15190,-35,-37,2
4785025300,2025-03-31,경상북도,칠곡군,북삼읍,22951,12074,10877,22897,12049,10848,-54,-25,-29
4785025600,2025-03-31,경상북도,칠곡군,석적읍,29826,16375,13451,29800,16360,13440,-26,-15,-11
4785031000,2025-03-31,경상북도,칠곡군,지천면,3771,2073,1698,3752,2068,1684,-19,-5,-14
4785032000,2025-03-31,경상북도,칠곡군,동명면,5032,2579,2453,4990,2557,2433,-42,-22,-20
4785033000,2025-03-31,경상북도,칠곡군,가산면,3183,1716,1467,3167,1703,1464,-16,-13,-3
4785036000,2025-03-31,경상북도,칠곡군,약목면,8639,4476,4163,8601,4471,4130,-38,-5,-33
4785037000,2025-03-31,경상북도,칠곡군,기산면,2914,1516,1398,2903,1504,1399,-11,-12,1
4790025000,2025-03-31,경상북도,예천군,예천읍,13646,6697,6949,13623,6675,6948,-23,-22,-1
4790025300,2025-03-31,경상북도,예천군,호명읍,20830,10157,10673,20850,10176,10674,20,19,1
4790031000,2025-03-31,경상북도,예천군,용문면,2090,1068,1022,2088,1066,1022,-2,-2,0
4790034000,2025-03-31,경상북도,예천군,감천면,2428,1224,1204,2437,1228,1209,9,4,5
4790035000,2025-03-31,경상북도,예천군,보문면,1544,777,767,1536,775,761,-8,-2,-6
4790037000,2025-03-31,경상북도,예천군,유천면,2431,1249,1182,2431,1251,1180,0,2,-2
4790038000,2025-03-31,경상북도,예천군,용궁면,2205,1088,1117,2207,1090,1117,2,2,0
4790039000,2025-03-31,경상북도,예천군,개포면,1431,698,733,1418,692,726,-13,-6,-7
4790040000,2025-03-31,경상북도,예천군,지보면,2514,1271,1243,2510,1267,1243,-4,-4,0
4790041000,2025-03-31,경상북도,예천군,풍양면,2774,1347,1427,2781,1346,1435,7,-1,8
4790042000,2025-03-31,경상북도,예천군,효자면,1158,583,575,1151,580,571,-7,-3,-4
4790043000,2025-03-31,경상북도,예천군,은풍면,1271,652,619,1269,649,620,-2,-3,1
4792025000,2025-03-31,경상북도,봉화군,봉화읍,9024,4486,4538,9016,4468,4548,-8,-18,10
4792031000,2025-03-31,경상북도,봉화군,물야면,2793,1441,1352,2801,1445,1356,8,4,4
4792032000,2025-03-31,경상북도,봉화군,봉성면,1894,928,966,1898,928,970,4,0,4
4792033000,2025-03-31,경상북도,봉화군,법전면,1871,971,900,1868,969,899,-3,-2,-1
4792034000,2025-03-31,경상북도,봉화군,춘양면,4105,2065,2040,4103,2065,2038,-2,0,-2
4792035000,2025-03-31,경상북도,봉화군,소천면,2062,1066,996,2061,1064,997,-1,-2,1
4792036000,2025-03-31,경상북도,봉화군,재산면,1389,716,673,1381,713,668,-8,-3,-5
4792037000,2025-03-31,경상북도,봉화군,명호면,2061,1104,957,2056,1104,952,-5,0,-5
4792038000,2025-03-31,경상북도,봉화군,상운면,1623,830,793,1630,834,796,7,4,3
4792039000,2025-03-31,경상북도,봉화군,석포면,1772,1019,753,1774,1020,754,2,1,1
4793025000,2025-03-31,경상북도,울진군,울진읍,13626,6884,6742,13698,6916,6782,72,32,40
4793025300,2025-03-31,경상북도,울진군,평해읍,2446,1168,1278,2456,1173,1283,10,5,5
4793031000,2025-03-31,경상북도,울진군,북면,6772,3657,3115,6776,3662,3114,4,5,-1
4793031500,2025-03-31,경상북도,울진군,북면하당출장소,616,310,306,611,308,303,-5,-2,-3
4793033000,2025-03-31,경상북도,울진군,근남면,2665,1374,1291,2662,1368,1294,-3,-6,3
4793035000,2025-03-31,경상북도,울진군,기성면,2302,1143,1159,2301,1137,1164,-1,-6,5
4793036000,2025-03-31,경상북도,울진군,온정면,1531,751,780,1527,755,772,-4,4,-8
4793037000,2025-03-31,경상북도,울진군,죽변면,5997,3139,2858,5990,3138,2852,-7,-1,-6
4793038000,2025-03-31,경상북도,울진군,후포면,6956,3433,3523,6941,3421,3520,-15,-12,-3
4793039000,2025-03-31,경상북도,울진군,금강송면,1187,589,598,1188,588,600,1,-1,2
4793040000,2025-03-31,경상북도,울진군,매화면,1887,912,975,1895,917,978,8,5,3
4794025000,2025-03-31,경상북도,울릉군,울릉읍,6307,3573,2734,6314,3591,2723,7,18,-11
4794031000,2025-03-31,경상북도,울릉군,서면,928,530,398,925,530,395,-3,0,-3
4794031500,2025-03-31,경상북도,울릉군,서면태하출장소,442,248,194,441,247,194,-1,-1,0
4794032000,2025-03-31,경상북도,울릉군,북면,1349,753,596,1360,760,600,11,7,4
4812125000,2025-03-31,경상남도,창원시 의창구,동읍,18203,9283,8920,18275,9322,8953,72,39,33
4812131000,2025-03-31,경상남도,창원시 의창구,북면,43747,21938,21809,44083,22121,21962,336,183,153
4812132000,2025-03-31,경상남도,창원시 의창구,대산면,6652,3387,3265,6638,3377,3261,-14,-10,-4
4812151000,2025-03-31,경상남도,창원시 의창구,의창동,48275,24290,23985,48142,24199,23943,-133,-91,-42
4812152000,2025-03-31,경상남도,창원시 의창구,팔룡동,24696,12592,12104,24630,12556,12074,-66,-36,-30
4812153000,2025-03-31,경상남도,창원시 의창구,명곡동,38965,19679,19286,38826,19613,19213,-139,-66,-73
4812154000,2025-03-31,경상남도,창원시 의창구,봉림동,29160,15499,13661,29152,15493,13659,-8,-6,-2
4812351000,2025-03-31,경상남도,창원시 성산구,반송동,38893,19552,19341,38768,19484,19284,-125,-68,-57
4812351500,2025-03-31,경상남도,창원시 성산구,용지동,25995,13106,12889,25965,13089,12876,-30,-17,-13
4812352000,2025-03-31,경상남도,창원시 성산구,중앙동,37553,20325,17228,37532,20346,17186,-21,21,-42
4812353000,2025-03-31,경상남도,창원시 성산구,상남동,26212,13064,13148,26142,13028,13114,-70,-36,-34
4812354000,2025-03-31,경상남도,창원시 성산구,사파동,44269,22017,22252,44050,21907,22143,-219,-110,-109
4812355000,2025-03-31,경상남도,창원시 성산구,가음정동,37328,18830,18498,37198,18763,18435,-130,-67,-63
4812356000,2025-03-31,경상남도,창원시 성산구,성주동,26126,13630,12496,26703,13932,12771,577,302,275
4812357000,2025-03-31,경상남도,창원시 성산구,웅남동,7010,3707,3303,6986,3692,3294,-24,-15,-9
4812531000,2025-03-31,경상남도,창원시 마산합포구,구산면,3929,2034,1895,3931,2028,1903,2,-6,8
4812532000,2025-03-31,경상남도,창원시 마산합포구,진동면,11503,5877,5626,11485,5862,5623,-18,-15,-3
4812533000,2025-03-31,경상남도,창원시 마산합포구,진북면,3083,1639,1444,3077,1631,1446,-6,-8,2
4812534000,2025-03-31,경상남도,창원시 마산합포구,진전면,3618,1808,1810,3619,1804,1815,1,-4,5
4812551000,2025-03-31,경상남도,창원시 마산합포구,현동,13513,6691,6822,13482,6671,6811,-31,-20,-11
4812552000,2025-03-31,경상남도,창원시 마산합포구,가포동,5167,2630,2537,5162,2631,2531,-5,1,-6
4812553000,2025-03-31,경상남도,창원시 마산합포구,월영동,40780,20141,20639,40682,20065,20617,-98,-76,-22
4812554000,2025-03-31,경상남도,창원시 마산합포구,문화동,10747,5396,5351,10742,5390,5352,-5,-6,1
4812556500,2025-03-31,경상남도,창원시 마산합포구,반월중앙동,13187,6345,6842,13132,6308,6824,-55,-37,-18
4812557000,2025-03-31,경상남도,창원시 마산합포구,완월동,8319,4030,4289,8281,4009,4272,-38,-21,-17
4812558000,2025-03-31,경상남도,창원시 마산합포구,자산동,8904,4304,4600,8872,4298,4574,-32,-6,-26
4812561000,2025-03-31,경상남도,창원시 마산합포구,교방동,18847,9304,9543,18849,9298,9551,2,-6,8
4812563000,2025-03-31,경상남도,창원시 마산합포구,오동동,18082,8984,9098,18058,8967,9091,-24,-17,-7
4812564000,2025-03-31,경상남도,창원시 마산합포구,합포동,6528,3272,3256,6535,3269,3266,7,-3,10
4812565000,2025-03-31,경상남도,창원시 마산합포구,산호동,11276,5580,5696,11266,5575,5691,-10,-5,-5
4812725000,2025-03-31,경상남도,창원시 마산회원구,내서읍,58853,29523,29330,58603,29395,29208,-250,-128,-122
4812751000,2025-03-31,경상남도,창원시 마산회원구,회원1동,9452,4625,4827,9420,4614,4806,-32,-11,-21
4812752000,2025-03-31,경상남도,창원시 마산회원구,회원2동,9487,4663,4824,9443,4633,4810,-44,-30,-14
4812754500,2025-03-31,경상남도,창원시 마산회원구,석전동,15686,7764,7922,15644,7744,7900,-42,-20,-22
4812755000,2025-03-31,경상남도,창원시 마산회원구,회성동,5126,2596,2530,5118,2586,2532,-8,-10,2
4812756000,2025-03-31,경상남도,창원시 마산회원구,양덕1동,10191,5086,5105,10115,5046,5069,-76,-40,-36
4812757000,2025-03-31,경상남도,창원시 마산회원구,양덕2동,33640,16559,17081,33963,16728,17235,323,169,154
4812758000,2025-03-31,경상남도,창원시 마산회원구,합성1동,8555,4337,4218,8527,4324,4203,-28,-13,-15
4812759000,2025-03-31,경상남도,창원시 마산회원구,합성2동,8467,4233,4234,8464,4229,4235,-3,-4,1
4812760000,2025-03-31,경상남도,창원시 마산회원구,구암1동,8021,3995,4026,7994,3984,4010,-27,-11,-16
4812761000,2025-03-31,경상남도,창원시 마산회원구,구암2동,8687,4325,4362,8667,4315,4352,-20,-10,-10
4812762000,2025-03-31,경상남도,창원시 마산회원구,봉암동,2800,1557,1243,2776,1540,1236,-24,-17,-7
4812953000,2025-03-31,경상남도,창원시 진해구,충무동,15353,7949,7404,15287,7903,7384,-66,-46,-20
4812954000,2025-03-31,경상남도,창원시 진해구,여좌동,7772,3865,3907,7744,3848,3896,-28,-17,-11
4812955000,2025-03-31,경상남도,창원시 진해구,태백동,3440,1721,1719,3428,1712,1716,-12,-9,-3
4812956000,2025-03-31,경상남도,창원시 진해구,경화동,10394,5244,5150,10348,5224,5124,-46,-20,-26
4812957000,2025-03-31,경상남도,창원시 진해구,병암동,6829,3353,3476,6787,3336,3451,-42,-17,-25
4812958000,2025-03-31,경상남도,창원시 진해구,석동,16971,8748,8223,16866,8692,8174,-105,-56,-49
4812959000,2025-03-31,경상남도,창원시 진해구,이동,8242,4397,3845,8239,4394,3845,-3,-3,0
4812960000,2025-03-31,경상남도,창원시 진해구,자은동,20078,10040,10038,20008,10020,9988,-70,-20,-50
4812961000,2025-03-31,경상남도,창원시 진해구,덕산동,9201,4537,4664,9168,4517,4651,-33,-20,-13
4812962000,2025-03-31,경상남도,창원시 진해구,풍호동,24687,12300,12387,24656,12292,12364,-31,-8,-23
4812963000,2025-03-31,경상남도,창원시 진해구,웅천동,13856,6969,6887,13873,7003,6870,17,34,-17
4812964000,2025-03-31,경상남도,창원시 진해구,웅동1동,7604,3895,3709,7598,3893,3705,-6,-2,-4
4812965000,2025-03-31,경상남도,창원시 진해구,웅동2동,43347,23699,19648,43296,23679,19617,-51,-20,-31
4817025000,2025-03-31,경상남도,진주시,문산읍,7560,3784,3776,7519,3764,3755,-41,-20,-21
4817031000,2025-03-31,경상남도,진주시,내동면,3899,1931,1968,3897,1940,1957,-2,9,-11
4817032000,2025-03-31,경상남도,진주시,정촌면,8643,4377,4266,8635,4377,4258,-8,0,-8
4817033000,2025-03-31,경상남도,진주시,금곡면,2028,981,1047,2024,980,1044,-4,-1,-3
4817035000,2025-03-31,경상남도,진주시,진성면,1746,882,864,1745,882,863,-1,0,-1
4817036000,2025-03-31,경상남도,진주시,일반성면,2360,1166,1194,2345,1153,1192,-15,-13,-2
4817037000,2025-03-31,경상남도,진주시,이반성면,1477,746,731,1478,748,730,1,2,-1
4817038000,2025-03-31,경상남도,진주시,사봉면,1369,676,693,1359,673,686,-10,-3,-7
4817039000,2025-03-31,경상남도,진주시,지수면,1322,667,655,1322,670,652,0,3,-3
4817040000,2025-03-31,경상남도,진주시,대곡면,2880,1446,1434,2875,1438,1437,-5,-8,3
4817041000,2025-03-31,경상남도,진주시,금산면,19706,9866,9840,19686,9854,9832,-20,-12,-8
4817042000,2025-03-31,경상남도,진주시,집현면,4355,2207,2148,4320,2186,2134,-35,-21,-14
4817043000,2025-03-31,경상남도,진주시,미천면,1487,751,736,1480,743,737,-7,-8,1
4817044000,2025-03-31,경상남도,진주시,명석면,3753,1849,1904,3755,1847,1908,2,-2,4
4817045000,2025-03-31,경상남도,진주시,대평면,954,457,497,946,450,496,-8,-7,-1
4817046000,2025-03-31,경상남도,진주시,수곡면,2095,1048,1047,2082,1041,1041,-13,-7,-6
4817051500,2025-03-31,경상남도,진주시,천전동,26705,13177,13528,26634,13100,13534,-71,-77,6
4817055500,2025-03-31,경상남도,진주시,성북동,9515,4721,4794,9481,4701,4780,-34,-20,-14
4817056500,2025-03-31,경상남도,진주시,중앙동,10189,4896,5293,10125,4871,5254,-64,-25,-39
4817059500,2025-03-31,경상남도,진주시,상봉동,12779,6320,6459,12718,6286,6432,-61,-34,-27
4817067300,2025-03-31,경상남도,진주시,상대동,18025,8912,9113,17914,8855,9059,-111,-57,-54
4817067800,2025-03-31,경상남도,진주시,하대동,22469,11239,11230,22388,11212,11176,-81,-27,-54
4817068000,2025-03-31,경상남도,진주시,상평동,10587,5346,5241,10558,5334,5224,-29,-12,-17
4817069500,2025-03-31,경상남도,진주시,초장동,26989,13603,13386,27272,13731,13541,283,128,155
4817071000,2025-03-31,경상남도,진주시,평거동,25378,12041,13337,25267,11981,13286,-111,-60,-51
4817071500,2025-03-31,경상남도,진주시,신안동,11001,5212,5789,10936,5175,5761,-65,-37,-28
4817072000,2025-03-31,경상남도,진주시,이현동,9901,4871,5030,9906,4876,5030,5,5,0
4817073000,2025-03-31,경상남도,진주시,판문동,20059,9520,10539,19960,9472,10488,-99,-48,-51
4817074000,2025-03-31,경상남도,진주시,가호동,35610,18070,17540,36010,18288,17722,400,218,182
4817075000,2025-03-31,경상남도,진주시,충무공동,33664,16577,17087,33625,16566,17059,-39,-11,-28
4822025000,2025-03-31,경상남도,통영시,산양읍,4280,2269,2011,4261,2257,2004,-19,-12,-7
4822031000,2025-03-31,경상남도,통영시,용남면,11615,5763,5852,11581,5744,5837,-34,-19,-15
4822033000,2025-03-31,경상남도,통영시,도산면,2654,1376,1278,2639,1366,1273,-15,-10,-5
4822034000,2025-03-31,경상남도,통영시,광도면,30576,15592,14984,30611,15610,15001,35,18,17
4822035000,2025-03-31,경상남도,통영시,욕지면,1914,1113,801,1905,1110,795,-9,-3,-6
4822036000,2025-03-31,경상남도,통영시,한산면,1885,984,901,1875,975,900,-10,-9,-1
4822037000,2025-03-31,경상남도,통영시,사량면,1349,671,678,1349,673,676,0,2,-2
4822051000,2025-03-31,경상남도,통영시,도천동,8114,4058,4056,8121,4064,4057,7,6,1
4822053000,2025-03-31,경상남도,통영시,명정동,2488,1206,1282,2477,1199,1278,-11,-7,-4
4822055000,2025-03-31,경상남도,통영시,중앙동,3338,1644,1694,3336,1641,1695,-2,-3,1
4822059000,2025-03-31,경상남도,통영시,정량동,7853,3966,3887,7832,3955,3877,-21,-11,-10
4822060000,2025-03-31,경상남도,통영시,북신동,9780,4595,5185,9747,4573,5174,-33,-22,-11
4822066500,2025-03-31,경상남도,통영시,미수동,10042,4947,5095,10037,4947,5090,-5,0,-5
4822067000,2025-03-31,경상남도,통영시,봉평동,9068,4619,4449,9029,4611,4418,-39,-8,-31
4822070000,2025-03-31,경상남도,통영시,무전동,12988,6448,6540,12992,6454,6538,4,6,-2
4824025000,2025-03-31,경상남도,사천시,사천읍,17061,9081,7980,16976,9047,7929,-85,-34,-51
4824031000,2025-03-31,경상남도,사천시,정동면,13518,6805,6713,13536,6818,6718,18,13,5
4824032000,2025-03-31,경상남도,사천시,사남면,17841,9317,8524,17981,9405,8576,140,88,52
4824033000,2025-03-31,경상남도,사천시,용현면,7014,3535,3479,6973,3520,3453,-41,-15,-26
4824034000,2025-03-31,경상남도,사천시,축동면,1466,777,689,1461,775,686,-5,-2,-3
4824035000,2025-03-31,경상남도,사천시,곤양면,3086,1603,1483,3077,1598,1479,-9,-5,-4
4824036000,2025-03-31,경상남도,사천시,곤명면,2639,1343,1296,2630,1342,1288,-9,-1,-8
4824037000,2025-03-31,경상남도,사천시,서포면,3296,1630,1666,3306,1628,1678,10,-2,12
4824051000,2025-03-31,경상남도,사천시,동서동,5224,2501,2723,5202,2495,2707,-22,-6,-16
4824052000,2025-03-31,경상남도,사천시,선구동,4667,2313,2354,4661,2305,2356,-6,-8,2
4824053000,2025-03-31,경상남도,사천시,동서금동,6030,2908,3122,6028,2902,3126,-2,-6,4
4824055000,2025-03-31,경상남도,사천시,벌용동,14617,7082,7535,14557,7049,7508,-60,-33,-27
4824057000,2025-03-31,경상남도,사천시,향촌동,6640,3515,3125,6702,3558,3144,62,43,19
4824059500,2025-03-31,경상남도,사천시,남양동,4785,2361,2424,4771,2353,2418,-14,-8,-6
4824089000,2025-03-31,경상남도,사천시,신수출장소,223,113,110,221,110,111,-2,-3,1
4825025000,2025-03-31,경상남도,김해시,진영읍,53478,27513,25965,53326,27418,25908,-152,-95,-57
4825032000,2025-03-31,경상남도,김해시,주촌면,19804,10161,9643,19732,10119,9613,-72,-42,-30
4825033000,2025-03-31,경상남도,김해시,진례면,5664,3074,2590,5653,3060,2593,-11,-14,3
4825034000,2025-03-31,경상남도,김해시,한림면,6487,3548,2939,6486,3549,2937,-1,1,-2
4825035000,2025-03-31,경상남도,김해시,생림면,3426,1830,1596,3416,1828,1588,-10,-2,-8
4825036000,2025-03-31,경상남도,김해시,상동면,2952,1636,1316,2948,1639,1309,-4,3,-7
4825037000,2025-03-31,경상남도,김해시,대동면,5069,2598,2471,5077,2597,2480,8,-1,9
4825051000,2025-03-31,경상남도,김해시,동상동,8635,4448,4187,8617,4445,4172,-18,-3,-15
4825052000,2025-03-31,경상남도,김해시,회현동,8128,4062,4066,8083,4039,4044,-45,-23,-22
4825053000,2025-03-31,경상남도,김해시,부원동,8917,4537,4380,8893,4534,4359,-24,-3,-21
4825054000,2025-03-31,경상남도,김해시,내외동,68963,34338,34625,68692,34186,34506,-271,-152,-119
4825055000,2025-03-31,경상남도,김해시,북부동,80849,40347,40502,80727,40304,40423,-122,-43,-79
4825056500,2025-03-31,경상남도,김해시,칠산서부동,8810,4683,4127,8745,4655,4090,-65,-28,-37
4825058000,2025-03-31,경상남도,김해시,활천동,36400,18644,17756,36274,18580,17694,-126,-64,-62
4825059000,2025-03-31,경상남도,김해시,삼안동,35756,18379,17377,35693,18342,17351,-63,-37,-26
4825060000,2025-03-31,경상남도,김해시,불암동,6589,3334,3255,6546,3314,3232,-43,-20,-23
4825061000,2025-03-31,경상남도,김해시,장유1동,60307,30098,30209,62914,31402,31512,2607,1304,1303
4825062000,2025-03-31,경상남도,김해시,장유2동,37368,18943,18425,37005,18766,18239,-363,-177,-186
4825063000,2025-03-31,경상남도,김해시,장유3동,73586,36489,37097,72888,36151,36737,-698,-338,-360
4827025000,2025-03-31,경상남도,밀양시,삼랑진읍,4916,2465,2451,4896,2453,2443,-20,-12,-8
4827025100,2025-03-31,경상남도,밀양시,삼랑진임천출장소,1285,665,620,1313,682,631,28,17,11
4827025300,2025-03-31,경상남도,밀양시,하남읍,6597,3313,3284,6588,3313,3275,-9,0,-9
4827031000,2025-03-31,경상남도,밀양시,부북면,5285,2765,2520,5286,2764,2522,1,-1,2
4827032000,2025-03-31,경상남도,밀양시,상동면,3081,1488,1593,3078,1490,1588,-3,2,-5
4827033000,2025-03-31,경상남도,밀양시,산외면,2720,1402,1318,2712,1398,1314,-8,-4,-4
4827034000,2025-03-31,경상남도,밀양시,산내면,3641,1882,1759,3649,1883,1766,8,1,7
4827035000,2025-03-31,경상남도,밀양시,단장면,4248,2129,2119,4241,2122,2119,-7,-7,0
4827036000,2025-03-31,경상남도,밀양시,상남면,7598,3832,3766,7567,3823,3744,-31,-9,-22
4827037000,2025-03-31,경상남도,밀양시,초동면,3241,1630,1611,3232,1628,1604,-9,-2,-7
4827038000,2025-03-31,경상남도,밀양시,무안면,4586,2315,2271,4627,2355,2272,41,40,1
4827039000,2025-03-31,경상남도,밀양시,청도면,1682,838,844,1682,841,841,0,3,-3
4827051000,2025-03-31,경상남도,밀양시,내일동,2492,1215,1277,2489,1213,1276,-3,-2,-1
4827052000,2025-03-31,경상남도,밀양시,내이동,17130,8573,8557,17166,8592,8574,36,19,17
4827053000,2025-03-31,경상남도,밀양시,삼문동,19041,9074,9967,18967,9052,9915,-74,-22,-52
4827054000,2025-03-31,경상남도,밀양시,가곡동,7405,3483,3922,7418,3497,3921,13,14,-1
4827055000,2025-03-31,경상남도,밀양시,교동,5342,2588,2754,5351,2598,2753,9,10,-1
4831031000,2025-03-31,경상남도,거제시,일운면,7806,3989,3817,7799,3992,3807,-7,3,-10
4831032000,2025-03-31,경상남도,거제시,동부면,2847,1482,1365,2834,1472,1362,-13,-10,-3
4831033000,2025-03-31,경상남도,거제시,남부면,1424,719,705,1428,723,705,4,4,0
4831034000,2025-03-31,경상남도,거제시,거제면,6847,3423,3424,6835,3417,3418,-12,-6,-6
4831035000,2025-03-31,경상남도,거제시,둔덕면,2630,1349,1281,2627,1347,1280,-3,-2,-1
4831036000,2025-03-31,경상남도,거제시,사등면,10758,5583,5175,10745,5588,5157,-13,5,-18
4831036600,2025-03-31,경상남도,거제시,사등면가조출장소,1043,531,512,1041,532,509,-2,1,-3
4831037000,2025-03-31,경상남도,거제시,연초면,8362,4615,3747,8378,4610,3768,16,-5,21
4831038000,2025-03-31,경상남도,거제시,하청면,3096,1623,1473,3095,1622,1473,-1,-1,0
4831038500,2025-03-31,경상남도,거제시,하청면칠천출장소,1025,531,494,1022,530,492,-3,-1,-2
4831039000,2025-03-31,경상남도,거제시,장목면,2727,1402,1325,2725,1403,1322,-2,1,-3
4831039500,2025-03-31,경상남도,거제시,장목면외포출장소,1263,637,626,1260,638,622,-3,1,-4
4831051000,2025-03-31,경상남도,거제시,장승포동,5165,2829,2336,5191,2850,2341,26,21,5
4831053000,2025-03-31,경상남도,거제시,능포동,8358,4549,3809,8357,4555,3802,-1,6,-7
4831054000,2025-03-31,경상남도,거제시,아주동,24927,13561,11366,24899,13546,11353,-28,-15,-13
4831055000,2025-03-31,경상남도,거제시,옥포1동,7058,3784,3274,7075,3804,3271,17,20,-3
4831056000,2025-03-31,경상남도,거제시,옥포2동,24003,12649,11354,23951,12633,11318,-52,-16,-36
4831057000,2025-03-31,경상남도,거제시,장평동,19645,11141,8504,19605,11117,8488,-40,-24,-16
4831058000,2025-03-31,경상남도,거제시,고현동,36255,18568,17687,36220,18550,17670,-35,-18,-17
4831059000,2025-03-31,경상남도,거제시,상문동,34400,17376,17024,34408,17397,17011,8,21,-13
4831060000,2025-03-31,경상남도,거제시,수양동,22456,11410,11046,22456,11421,11035,0,11,-11
4833025300,2025-03-31,경상남도,양산시,물금읍,116689,57701,58988,116558,57625,58933,-131,-76,-55
4833031000,2025-03-31,경상남도,양산시,동면,55909,28315,27594,56182,28461,27721,273,146,127
4833032000,2025-03-31,경상남도,양산시,원동면,3189,1625,1564,3190,1628,1562,1,3,-2
4833033000,2025-03-31,경상남도,양산시,상북면,13547,6926,6621,13606,6947,6659,59,21,38
4833034000,2025-03-31,경상남도,양산시,하북면,7425,3850,3575,7396,3835,3561,-29,-15,-14
4833051000,2025-03-31,경상남도,양산시,중앙동,10659,5659,5000,10617,5637,4980,-42,-22,-20
4833051500,2025-03-31,경상남도,양산시,양주동,29922,14332,15590,29899,14308,15591,-23,-24,1
4833052000,2025-03-31,경상남도,양산시,삼성동,19679,10405,9274,19650,10404,9246,-29,-1,-28
4833053000,2025-03-31,경상남도,양산시,강서동,8199,4098,4101,8200,4113,4087,1,15,-14
4833054000,2025-03-31,경상남도,양산시,서창동,26269,13704,12565,26218,13681,12537,-51,-23,-28
4833055000,2025-03-31,경상남도,양산시,소주동,19686,9822,9864,19682,9830,9852,-4,8,-12
4833056000,2025-03-31,경상남도,양산시,평산동,28182,13657,14525,28182,13660,14522,0,3,-3
4833057000,2025-03-31,경상남도,양산시,덕계동,20629,10202,10427,20674,10237,10437,45,35,10
4872025000,2025-03-31,경상남도,의령군,의령읍,8979,4517,4462,8963,4505,4458,-16,-12,-4
4872031000,2025-03-31,경상남도,의령군,가례면,1567,790,777,1561,782,779,-6,-8,2
4872032000,2025-03-31,경상남도,의령군,칠곡면,1132,547,585,1126,548,578,-6,1,-7
4872033000,2025-03-31,경상남도,의령군,대의면,1013,490,523,1017,492,525,4,2,2
4872034000,2025-03-31,경상남도,의령군,화정면,1457,739,718,1455,737,718,-2,-2,0
4872035000,2025-03-31,경상남도,의령군,용덕면,1425,733,692,1415,725,690,-10,-8,-2
4872036000,2025-03-31,경상남도,의령군,정곡면,1309,643,666,1312,645,667,3,2,1
4872037000,2025-03-31,경상남도,의령군,지정면,1756,890,866,1748,885,863,-8,-5,-3
4872038000,2025-03-31,경상남도,의령군,낙서면,684,329,355,685,331,354,1,2,-1
4872039000,2025-03-31,경상남도,의령군,부림면,2594,1259,1335,2573,1256,1317,-21,-3,-18
4872040000,2025-03-31,경상남도,의령군,봉수면,935,509,426,939,513,426,4,4,0
4872041500,2025-03-31,경상남도,의령군,궁류면,1040,509,531,1042,511,531,2,2,0
4872042000,2025-03-31,경상남도,의령군,유곡면,1109,544,565,1109,542,567,0,-2,2
4873025000,2025-03-31,경상남도,함안군,가야읍,16921,8607,8314,16860,8582,8278,-61,-25,-36
4873025300,2025-03-31,경상남도,함안군,칠원읍,17887,9079,8808,17824,9052,8772,-63,-27,-36
4873031000,2025-03-31,경상남도,함안군,함안면,2347,1212,1135,2331,1197,1134,-16,-15,-1
4873032000,2025-03-31,경상남도,함안군,군북면,5636,2929,2707,5644,2946,2698,8,17,-9
4873033000,2025-03-31,경상남도,함안군,법수면,2652,1359,1293,2653,1365,1288,1,6,-5
4873034000,2025-03-31,경상남도,함안군,대산면,3018,1529,1489,3015,1524,1491,-3,-5,2
4873035000,2025-03-31,경상남도,함안군,칠서면,4879,2586,2293,4883,2582,2301,4,-4,8
4873036000,2025-03-31,경상남도,함안군,칠북면,1798,954,844,1781,946,835,-17,-8,-9
4873038000,2025-03-31,경상남도,함안군,산인면,2575,1300,1275,2568,1300,1268,-7,0,-7
4873039000,2025-03-31,경상남도,함안군,여항면,886,471,415,892,473,419,6,2,4
4874025000,2025-03-31,경상남도,창녕군,창녕읍,15397,7684,7713,15379,7690,7689,-18,6,-24
4874025300,2025-03-31,경상남도,창녕군,남지읍,11393,5731,5662,11406,5738,5668,13,7,6
4874031000,2025-03-31,경상남도,창녕군,고암면,1740,865,875,1736,864,872,-4,-1,-3
4874032000,2025-03-31,경상남도,창녕군,성산면,1522,749,773,1513,746,767,-9,-3,-6
4874033000,2025-03-31,경상남도,창녕군,대합면,3512,1785,1727,3513,1788,1725,1,3,-2
4874034000,2025-03-31,경상남도,창녕군,이방면,2286,1087,1199,2274,1081,1193,-12,-6,-6
4874035000,2025-03-31,경상남도,창녕군,유어면,1610,797,813,1601,793,808,-9,-4,-5
4874036000,2025-03-31,경상남도,창녕군,대지면,2295,1206,1089,2289,1206,1083,-6,0,-6
4874037000,2025-03-31,경상남도,창녕군,계성면,2066,1042,1024,2081,1047,1034,15,5,10
4874038000,2025-03-31,경상남도,창녕군,영산면,4883,2484,2399,4859,2481,2378,-24,-3,-21
4874039000,2025-03-31,경상남도,창녕군,장마면,1790,919,871,1775,913,862,-15,-6,-9
4874040000,2025-03-31,경상남도,창녕군,도천면,2464,1232,1232,2461,1230,1231,-3,-2,-1
4874041000,2025-03-31,경상남도,창녕군,길곡면,1433,724,709,1439,728,711,6,4,2
4874042000,2025-03-31,경상남도,창녕군,부곡면,3406,1708,1698,3381,1692,1689,-25,-16,-9
4882025000,2025-03-31,경상남도,고성군,고성읍,22647,11410,11237,22597,11382,11215,-50,-28,-22
4882031000,2025-03-31,경상남도,고성군,삼산면,1701,877,824,1692,869,823,-9,-8,-1
4882032000,2025-03-31,경상남도,고성군,하일면,1708,855,853,1720,859,861,12,4,8
4882033000,2025-03-31,경상남도,고성군,하이면,2537,1317,1220,2523,1306,1217,-14,-11,-3
4882034000,2025-03-31,경상남도,고성군,상리면,1503,756,747,1508,765,743,5,9,-4
4882035000,2025-03-31,경상남도,고성군,대가면,1558,800,758,1561,802,759,3,2,1
4882036000,2025-03-31,경상남도,고성군,영현면,844,402,442,848,405,443,4,3,1
4882037000,2025-03-31,경상남도,고성군,영오면,1317,670,647,1304,669,635,-13,-1,-12
4882038000,2025-03-31,경상남도,고성군,개천면,1019,521,498,1022,524,498,3,3,0
4882039000,2025-03-31,경상남도,고성군,구만면,956,479,477,948,477,471,-8,-2,-6
4882040000,2025-03-31,경상남도,고성군,회화면,3284,1651,1633,3290,1656,1634,6,5,1
4882041000,2025-03-31,경상남도,고성군,마암면,1631,812,819,1635,816,819,4,4,0
4882042000,2025-03-31,경상남도,고성군,동해면,2984,1548,1436,2968,1535,1433,-16,-13,-3
4882043000,2025-03-31,경상남도,고성군,거류면,4030,2077,1953,4035,2079,1956,5,2,3
4884025000,2025-03-31,경상남도,남해군,남해읍,12143,5927,6216,12170,5945,6225,27,18,9
4884031000,2025-03-31,경상남도,남해군,이동면,3581,1790,1791,3589,1797,1792,8,7,1
4884032000,2025-03-31,경상남도,남해군,상주면,1528,751,777,1516,743,773,-12,-8,-4
4884033000,2025-03-31,경상남도,남해군,삼동면,3623,1760,1863,3603,1755,1848,-20,-5,-15
4884034000,2025-03-31,경상남도,남해군,미조면,2035,1043,992,2027,1039,988,-8,-4,-4
4884035000,2025-03-31,경상남도,남해군,남면,3235,1571,1664,3220,1570,1650,-15,-1,-14
4884036000,2025-03-31,경상남도,남해군,서면,2420,1166,1254,2424,1170,1254,4,4,0
4884037000,2025-03-31,경상남도,남해군,고현면,3218,1535,1683,3223,1538,1685,5,3,2
4884038000,2025-03-31,경상남도,남해군,설천면,2610,1248,1362,2607,1241,1366,-3,-7,4
4884039000,2025-03-31,경상남도,남해군,창선면,5205,2477,2728,5186,2475,2711,-19,-2,-17
4885025000,2025-03-31,경상남도,하동군,하동읍,9156,4500,4656,9139,4492,4647,-17,-8,-9
4885031000,2025-03-31,경상남도,하동군,화개면,2778,1413,1365,2782,1415,1367,4,2,2
4885032000,2025-03-31,경상남도,하동군,악양면,3323,1642,1681,3311,1635,1676,-12,-7,-5
4885033000,2025-03-31,경상남도,하동군,적량면,1837,909,928,1822,902,920,-15,-7,-8
4885034000,2025-03-31,경상남도,하동군,횡천면,1774,874,900,1772,872,900,-2,-2,0
4885035000,2025-03-31,경상남도,하동군,고전면,1962,970,992,1968,976,992,6,6,0
4885036000,2025-03-31,경상남도,하동군,금남면,3123,1617,1506,3122,1620,1502,-1,3,-4
4885037000,2025-03-31,경상남도,하동군,진교면,5530,2748,2782,5510,2741,2769,-20,-7,-13
4885038000,2025-03-31,경상남도,하동군,양보면,1593,784,809,1595,785,810,2,1,1
4885039000,2025-03-31,경상남도,하동군,북천면,1491,737,754,1496,736,760,5,-1,6
4885040000,2025-03-31,경상남도,하동군,청암면,1319,689,630,1316,689,627,-3,0,-3
4885041000,2025-03-31,경상남도,하동군,옥종면,4019,2043,1976,4014,2042,1972,-5,-1,-4
4885042000,2025-03-31,경상남도,하동군,금성면,2669,1386,1283,2659,1376,1283,-10,-10,0
4886025000,2025-03-31,경상남도,산청군,산청읍,6503,3195,3308,6520,3202,3318,17,7,10
4886031000,2025-03-31,경상남도,산청군,차황면,1344,667,677,1336,664,672,-8,-3,-5
4886032000,2025-03-31,경상남도,산청군,오부면,983,484,499,979,483,496,-4,-1,-3
4886033000,2025-03-31,경상남도,산청군,생초면,1847,909,938,1852,912,940,5,3,2
4886034000,2025-03-31,경상남도,산청군,금서면,2805,1380,1425,2808,1382,1426,3,2,1
4886035000,2025-03-31,경상남도,산청군,삼장면,1740,848,892,1741,852,889,1,4,-3
4886036000,2025-03-31,경상남도,산청군,시천면,3885,1936,1949,3877,1925,1952,-8,-11,3
4886037000,2025-03-31,경상남도,산청군,단성면,5512,2772,2740,5522,2778,2744,10,6,4
4886038000,2025-03-31,경상남도,산청군,신안면,5466,2691,2775,5475,2692,2783,9,1,8
4886039000,2025-03-31,경상남도,산청군,생비량면,1134,567,567,1126,563,563,-8,-4,-4
4886040000,2025-03-31,경상남도,산청군,신등면,1922,968,954,1922,966,956,0,-2,2
4887025000,2025-03-31,경상남도,함양군,함양읍,17068,8315,8753,17072,8328,8744,4,13,-9
4887031000,2025-03-31,경상남도,함양군,마천면,1984,979,1005,1988,976,1012,4,-3,7
4887032000,2025-03-31,경상남도,함양군,휴천면,1433,711,722,1424,705,719,-9,-6,-3
4887033000,2025-03-31,경상남도,함양군,유림면,1519,728,791,1512,723,789,-7,-5,-2
4887034000,2025-03-31,경상남도,함양군,수동면,2228,1127,1101,2219,1118,1101,-9,-9,0
4887035000,2025-03-31,경상남도,함양군,지곡면,1931,941,990,1928,934,994,-3,-7,4
4887036000,2025-03-31,경상남도,함양군,안의면,4049,1910,2139,4046,1915,2131,-3,5,-8
4887037000,2025-03-31,경상남도,함양군,서하면,1283,617,666,1286,617,669,3,0,3
4887038000,2025-03-31,경상남도,함양군,서상면,1678,811,867,1669,810,859,-9,-1,-8
4887039000,2025-03-31,경상남도,함양군,백전면,1490,762,728,1495,764,731,5,2,3
4887040000,2025-03-31,경상남도,함양군,병곡면,1232,612,620,1224,609,615,-8,-3,-5
4888025000,2025-03-31,경상남도,거창군,거창읍,39734,19533,20201,39773,19553,20220,39,20,19
4888031000,2025-03-31,경상남도,거창군,주상면,1464,733,731,1460,728,732,-4,-5,1
4888032000,2025-03-31,경상남도,거창군,웅양면,1738,861,877,1740,856,884,2,-5,7
4888033000,2025-03-31,경상남도,거창군,고제면,1331,680,651,1332,682,650,1,2,-1
4888034000,2025-03-31,경상남도,거창군,북상면,1523,753,770,1516,747,769,-7,-6,-1
4888035000,2025-03-31,경상남도,거창군,위천면,1874,918,956,1892,932,960,18,14,4
4888036000,2025-03-31,경상남도,거창군,마리면,1884,920,964,1884,919,965,0,-1,1
4888037000,2025-03-31,경상남도,거창군,남상면,2253,1109,1144,2237,1105,1132,-16,-4,-12
4888038000,2025-03-31,경상남도,거창군,남하면,1407,692,715,1402,692,710,-5,0,-5
4888039000,2025-03-31,경상남도,거창군,신원면,1475,711,764,1464,707,757,-11,-4,-7
4888040000,2025-03-31,경상남도,거창군,가조면,3451,1671,1780,3431,1662,1769,-20,-9,-11
4888041000,2025-03-31,경상남도,거창군,가북면,1318,652,666,1315,654,661,-3,2,-5
4889025000,2025-03-31,경상남도,합천군,합천읍,10503,5174,5329,10493,5162,5331,-10,-12,2
4889031000,2025-03-31,경상남도,합천군,봉산면,1360,691,669,1349,686,663,-11,-5,-6
4889032000,2025-03-31,경상남도,합천군,묘산면,1411,691,720,1413,693,720,2,2,0
4889033000,2025-03-31,경상남도,합천군,가야면,3824,1899,1925,3822,1896,1926,-2,-3,1
4889034000,2025-03-31,경상남도,합천군,야로면,2254,1105,1149,2255,1110,1145,1,5,-4
4889035000,2025-03-31,경상남도,합천군,율곡면,2031,1027,1004,2035,1034,1001,4,7,-3
4889036000,2025-03-31,경상남도,합천군,초계면,2146,1053,1093,2133,1048,1085,-13,-5,-8
4889037000,2025-03-31,경상남도,합천군,쌍책면,1159,548,611,1159,549,610,0,1,-1
4889038000,2025-03-31,경상남도,합천군,덕곡면,772,400,372,772,399,373,0,-1,1
4889039000,2025-03-31,경상남도,합천군,청덕면,1457,718,739,1449,711,738,-8,-7,-1
4889040000,2025-03-31,경상남도,합천군,적중면,1261,595,666,1268,599,669,7,4,3
4889041000,2025-03-31,경상남도,합천군,대양면,1692,857,835,1694,858,836,2,1,1
4889042000,2025-03-31,경상남도,합천군,쌍백면,1595,771,824,1587,766,821,-8,-5,-3
4889043000,2025-03-31,경상남도,합천군,삼가면,2934,1363,1571,2918,1359,1559,-16,-4,-12
4889044000,2025-03-31,경상남도,합천군,가회면,1685,854,831,1674,848,826,-11,-6,-5
4889045000,2025-03-31,경상남도,합천군,대병면,1811,881,930,1808,878,930,-3,-3,0
4889046000,2025-03-31,경상남도,합천군,용주면,2043,1029,1014,2040,1031,1009,-3,2,-5
5011025000,2025-03-31,제주특별자치도,제주시,한림읍,20417,10494,9923,20350,10458,9892,-67,-36,-31
5011025300,2025-03-31,제주특별자치도,제주시,애월읍,38029,19517,18512,38094,19539,18555,65,22,43
5011025600,2025-03-31,제주특별자치도,제주시,구좌읍,15123,7748,7375,15122,7746,7376,-1,-2,1
5011025900,2025-03-31,제주특별자치도,제주시,조천읍,25855,13125,12730,25821,13113,12708,-34,-12,-22
5011031000,2025-03-31,제주특별자치도,제주시,한경면,9502,4730,4772,9538,4747,4791,36,17,19
5011032000,2025-03-31,제주특별자치도,제주시,추자면,1560,857,703,1559,858,701,-1,1,-2
5011033000,2025-03-31,제주특별자치도,제주시,우도면,1557,839,718,1547,833,714,-10,-6,-4
5011051000,2025-03-31,제주특별자치도,제주시,일도1동,2110,1101,1009,2107,1100,1007,-3,-1,-2
5011052000,2025-03-31,제주특별자치도,제주시,일도2동,31014,15178,15836,30975,15165,15810,-39,-13,-26
5011053000,2025-03-31,제주특별자치도,제주시,이도1동,7647,3781,3866,7623,3773,3850,-24,-8,-16
5011054000,2025-03-31,제주특별자치도,제주시,이도2동,46649,22649,24000,46521,22602,23919,-128,-47,-81
5011055000,2025-03-31,제주특별자치도,제주시,삼도1동,12632,6148,6484,12604,6141,6463,-28,-7,-21
5011056000,2025-03-31,제주특별자치도,제주시,삼도2동,7664,3978,3686,7637,3964,3673,-27,-14,-13
5011057000,2025-03-31,제주특별자치도,제주시,용담1동,6439,3361,3078,6430,3356,3074,-9,-5,-4
5011058000,2025-03-31,제주특별자치도,제주시,용담2동,13706,6929,6777,13709,6926,6783,3,-3,6
5011059000,2025-03-31,제주특별자치도,제주시,건입동,8542,4299,4243,8510,4282,4228,-32,-17,-15
5011060000,2025-03-31,제주특별자치도,제주시,화북동,23094,11503,11591,23113,11498,11615,19,-5,24
5011061000,2025-03-31,제주특별자치도,제주시,삼양동,26400,13175,13225,26511,13237,13274,111,62,49
5011062000,2025-03-31,제주특별자치도,제주시,봉개동,5106,2655,2451,5094,2642,2452,-12,-13,1
5011063000,2025-03-31,제주특별자치도,제주시,아라동,40628,19967,20661,40649,19971,20678,21,4,17
5011064000,2025-03-31,제주특별자치도,제주시,오라동,15986,8066,7920,15979,8039,7940,-7,-27,20
5011065000,2025-03-31,제주특별자치도,제주시,연동,42542,20964,21578,42466,20913,21553,-76,-51,-25
5011066000,2025-03-31,제주특별자치도,제주시,노형동,54675,26633,28042,54632,26628,28004,-43,-5,-38
5011067000,2025-03-31,제주특별자치도,제주시,외도동,22347,11159,11188,22347,11157,11190,0,-2,2
5011068000,2025-03-31,제주특별자치도,제주시,이호동,4297,2235,2062,4306,2228,2078,9,-7,16
5011069000,2025-03-31,제주특별자치도,제주시,도두동,3241,1716,1525,3256,1725,1531,15,9,6
5013025000,2025-03-31,제주특별자치도,서귀포시,대정읍,21960,10641,11319,21988,10645,11343,28,4,24
5013025300,2025-03-31,제주특별자치도,서귀포시,남원읍,18093,9344,8749,18093,9353,8740,0,9,-9
5013025900,2025-03-31,제주특별자치도,서귀포시,성산읍,14946,7796,7150,14880,7775,7105,-66,-21,-45
5013031000,2025-03-31,제주특별자치도,서귀포시,안덕면,12342,6359,5983,12288,6330,5958,-54,-29,-25
5013032000,2025-03-31,제주특별자치도,서귀포시,표선면,12850,6552,6298,12850,6554,6296,0,2,-2
5013051000,2025-03-31,제주특별자치도,서귀포시,송산동,3794,1967,1827,3782,1963,1819,-12,-4,-8
5013052000,2025-03-31,제주특별자치도,서귀포시,정방동,2098,1047,1051,2087,1035,1052,-11,-12,1
5013053000,2025-03-31,제주특별자치도,서귀포시,중앙동,3071,1446,1625,3069,1450,1619,-2,4,-6
5013054000,2025-03-31,제주특별자치도,서귀포시,천지동,3363,1689,1674,3349,1686,1663,-14,-3,-11
5013055000,2025-03-31,제주특별자치도,서귀포시,효돈동,5303,2657,2646,5270,2639,2631,-33,-18,-15
5013056000,2025-03-31,제주특별자치도,서귀포시,영천동,5114,2596,2518,5091,2581,2510,-23,-15,-8
5013057000,2025-03-31,제주특별자치도,서귀포시,동홍동,22790,11058,11732,22759,11044,11715,-31,-14,-17
5013058000,2025-03-31,제주특별자치도,서귀포시,서홍동,11081,5463,5618,11088,5473,5615,7,10,-3
5013059000,2025-03-31,제주특별자치도,서귀포시,대륜동,15006,7585,7421,15038,7602,7436,32,17,15
5013060000,2025-03-31,제주특별자치도,서귀포시,대천동,13653,6935,6718,13672,6953,6719,19,18,1
5013061000,2025-03-31,제주특별자치도,서귀포시,중문동,12171,6155,6016,12122,6119,6003,-49,-36,-13
5013062000,2025-03-31,제주특별자치도,서귀포시,예래동,3808,1964,1844,3813,1971,1842,5,7,-2
5111025000,2025-03-31,강원특별자치도,춘천시,신북읍,7025,3526,3499,7020,3518,3502,-5,-8,3
5111031000,2025-03-31,강원특별자치도,춘천시,동면,18819,9252,9567,18825,9262,9563,6,10,-4
5111032000,2025-03-31,강원특별자치도,춘천시,동산면,1348,736,612,1354,743,611,6,7,-1
5111033000,2025-03-31,강원특별자치도,춘천시,신동면,2554,1338,1216,2539,1331,1208,-15,-7,-8
5111034000,2025-03-31,강원특별자치도,춘천시,남면,1044,561,483,1037,560,477,-7,-1,-6
5111035000,2025-03-31,강원특별자치도,춘천시,서면,3590,1850,1740,3587,1846,1741,-3,-4,1
5111036000,2025-03-31,강원특별자치도,춘천시,사북면,2322,1162,1160,2310,1153,1157,-12,-9,-3
5111038000,2025-03-31,강원특별자치도,춘천시,북산면,943,536,407,939,536,403,-4,0,-4
5111039000,2025-03-31,강원특별자치도,춘천시,동내면,19834,9949,9885,20028,10052,9976,194,103,91
5111040000,2025-03-31,강원특별자치도,춘천시,남산면,3242,1701,1541,3232,1702,1530,-10,1,-11
5111052000,2025-03-31,강원특별자치도,춘천시,교동,3867,2027,1840,3857,2020,1837,-10,-7,-3
5111053000,2025-03-31,강원특별자치도,춘천시,조운동,2495,1238,1257,2479,1225,1254,-16,-13,-3
5111054500,2025-03-31,강원특별자치도,춘천시,약사명동,5414,2644,2770,5401,2630,2771,-13,-14,1
5111057000,2025-03-31,강원특별자치도,춘천시,근화동,8985,4499,4486,8974,4491,4483,-11,-8,-3
5111058000,2025-03-31,강원특별자치도,춘천시,소양동,8763,4252,4511,8728,4239,4489,-35,-13,-22
5111060000,2025-03-31,강원특별자치도,춘천시,후평1동,11131,5544,5587,11094,5529,5565,-37,-15,-22
5111061000,2025-03-31,강원특별자치도,춘천시,후평2동,13868,6575,7293,13837,6555,7282,-31,-20,-11
5111061100,2025-03-31,강원특별자치도,춘천시,후평3동,19392,9198,10194,19390,9183,10207,-2,-15,13
5111062000,2025-03-31,강원특별자치도,춘천시,효자1동,4019,1987,2032,4023,1993,2030,4,6,-2
5111063000,2025-03-31,강원특별자치도,춘천시,효자2동,12678,6851,5827,12626,6791,5835,-52,-60,8
5111064000,2025-03-31,강원특별자치도,춘천시,효자3동,4413,2241,2172,4405,2236,2169,-8,-5,-3
5111065000,2025-03-31,강원특별자치도,춘천시,석사동,32999,16285,16714,32930,16261,16669,-69,-24,-45
5111066000,2025-03-31,강원특별자치도,춘천시,퇴계동,46345,22128,24217,46248,22111,24137,-97,-17,-80
5111067500,2025-03-31,강원특별자치도,춘천시,강남동,25420,12310,13110,25434,12320,13114,14,10,4
5111070500,2025-03-31,강원특별자치도,춘천시,신사우동,25507,12730,12777,25466,12697,12769,-41,-33,-8
5113025000,2025-03-31,강원특별자치도,원주시,문막읍,17215,8793,8422,17178,8764,8414,-37,-29,-8
5113031000,2025-03-31,강원특별자치도,원주시,소초면,8063,4305,3758,8023,4277,3746,-40,-28,-12
5113032000,2025-03-31,강원특별자치도,원주시,호저면,3329,1749,1580,3322,1747,1575,-7,-2,-5
5113033000,2025-03-31,강원특별자치도,원주시,지정면,32915,16192,16723,32878,16155,16723,-37,-37,0
5113035000,2025-03-31,강원특별자치도,원주시,부론면,2142,1096,1046,2152,1106,1046,10,10,0
5113036000,2025-03-31,강원특별자치도,원주시,귀래면,2100,1089,1011,2068,1067,1001,-32,-22,-10
5113037000,2025-03-31,강원특별자치도,원주시,흥업면,9545,5053,4492,9531,5034,4497,-14,-19,5
5113038000,2025-03-31,강원특별자치도,원주시,판부면,7035,3742,3293,7007,3724,3283,-28,-18,-10
5113039000,2025-03-31,강원특별자치도,원주시,신림면,3551,1859,1692,3518,1840,1678,-33,-19,-14
5113051500,2025-03-31,강원특별자치도,원주시,중앙동,2222,1165,1057,2207,1157,1050,-15,-8,-7
5113052000,2025-03-31,강원특별자치도,원주시,원인동,3819,1811,2008,3803,1806,1997,-16,-5,-11
5113053000,2025-03-31,강원특별자치도,원주시,개운동,11977,5744,6233,11949,5745,6204,-28,1,-29
5113054100,2025-03-31,강원특별자치도,원주시,명륜1동,7751,3653,4098,7719,3652,4067,-32,-1,-31
5113054200,2025-03-31,강원특별자치도,원주시,명륜2동,18412,8927,9485,18338,8891,9447,-74,-36,-38
5113055000,2025-03-31,강원특별자치도,원주시,단구동,42344,20695,21649,42075,20581,21494,-269,-114,-155
5113056000,2025-03-31,강원특별자치도,원주시,일산동,8136,3863,4273,8114,3845,4269,-22,-18,-4
5113057500,2025-03-31,강원특별자치도,원주시,학성동,4220,2056,2164,4191,2039,2152,-29,-17,-12
5113059000,2025-03-31,강원특별자치도,원주시,단계동,27447,13326,14121,27300,13249,14051,-147,-77,-70
5113060000,2025-03-31,강원특별자치도,원주시,우산동,13065,6961,6104,13030,6928,6102,-35,-33,-2
5113061000,2025-03-31,강원특별자치도,원주시,태장1동,12705,6340,6365,12653,6326,6327,-52,-14,-38
5113062000,2025-03-31,강원특별자치도,원주시,태장2동,23570,11780,11790,24032,12021,12011,462,241,221
5113063500,2025-03-31,강원특별자치도,원주시,봉산동,7255,3551,3704,7216,3538,3678,-39,-13,-26
5113065000,2025-03-31,강원특별자치도,원주시,행구동,8672,4277,4395,8651,4269,4382,-21,-8,-13
5113066000,2025-03-31,강원특별자치도,원주시,무실동,36614,17902,18712,36453,17849,18604,-161,-53,-108
5113067500,2025-03-31,강원특별자치도,원주시,반곡관설동,47971,23330,24641,48576,23633,24943,605,303,302
5115025000,2025-03-31,강원특별자치도,강릉시,주문진읍,15471,7592,7879,15485,7598,7887,14,6,8
5115031000,2025-03-31,강원특별자치도,강릉시,성산면,3409,1746,1663,3398,1741,1657,-11,-5,-6
5115032000,2025-03-31,강원특별자치도,강릉시,왕산면,1486,797,689,1480,793,687,-6,-4,-2
5115033000,2025-03-31,강원특별자치도,강릉시,구정면,4084,2079,2005,4087,2082,2005,3,3,0
5115034000,2025-03-31,강원특별자치도,강릉시,강동면,3762,1997,1765,3761,2001,1760,-1,4,-5
5115035000,2025-03-31,강원특별자치도,강릉시,옥계면,3272,1693,1579,3265,1689,1576,-7,-4,-3
5115036000,2025-03-31,강원특별자치도,강릉시,사천면,5293,2691,2602,5290,2687,2603,-3,-4,1
5115037000,2025-03-31,강원특별자치도,강릉시,연곡면,6376,3181,3195,6388,3189,3199,12,8,4
5115051000,2025-03-31,강원특별자치도,강릉시,홍제동,14031,6784,7247,13967,6749,7218,-64,-35,-29
5115052000,2025-03-31,강원특별자치도,강릉시,중앙동,4237,2031,2206,4177,2005,2172,-60,-26,-34
5115054000,2025-03-31,강원특별자치도,강릉시,옥천동,3026,1538,1488,3004,1520,1484,-22,-18,-4
5115055000,2025-03-31,강원특별자치도,강릉시,교1동,27364,13422,13942,27454,13456,13998,90,34,56
5115056000,2025-03-31,강원특별자치도,강릉시,교2동,8572,4211,4361,8654,4265,4389,82,54,28
5115057100,2025-03-31,강원특별자치도,강릉시,포남1동,10409,5069,5340,10461,5101,5360,52,32,20
5115057200,2025-03-31,강원특별자치도,강릉시,포남2동,11444,5651,5793,11419,5639,5780,-25,-12,-13
5115058000,2025-03-31,강원특별자치도,강릉시,초당동,4238,2055,2183,4224,2045,2179,-14,-10,-4
5115059000,2025-03-31,강원특별자치도,강릉시,송정동,9254,4404,4850,9228,4386,4842,-26,-18,-8
5115060000,2025-03-31,강원특별자치도,강릉시,내곡동,18181,9214,8967,18159,9225,8934,-22,11,-33
5115061500,2025-03-31,강원특별자치도,강릉시,강남동,16081,8008,8073,16069,8045,8024,-12,37,-49
5115064500,2025-03-31,강원특별자치도,강릉시,성덕동,26226,12838,13388,26047,12741,13306,-179,-97,-82
5115066500,2025-03-31,강원특별자치도,강릉시,경포동,11203,5739,5464,11257,5774,5483,54,35,19
5117051000,2025-03-31,강원특별자치도,동해시,천곡동,28825,14256,14569,28741,14222,14519,-84,-34,-50
5117052000,2025-03-31,강원특별자치도,동해시,송정동,3401,1888,1513,3379,1873,1506,-22,-15,-7
5117053000,2025-03-31,강원특별자치도,동해시,북삼동,21428,11112,10316,21416,11115,10301,-12,3,-15
5117054000,2025-03-31,강원특별자치도,동해시,부곡동,4580,2238,2342,4543,2215,2328,-37,-23,-14
5117055000,2025-03-31,강원특별자치도,동해시,동호동,4683,2376,2307,4684,2373,2311,1,-3,4
5117057000,2025-03-31,강원특별자치도,동해시,발한동,2975,1522,1453,2973,1522,1451,-2,0,-2
5117059000,2025-03-31,강원특별자치도,동해시,묵호동,2695,1343,1352,2694,1350,1344,-1,7,-8
5117060000,2025-03-31,강원특별자치도,동해시,북평동,13066,6669,6397,13071,6674,6397,5,5,0
5117063000,2025-03-31,강원특별자치도,동해시,망상동,3183,1617,1566,3184,1612,1572,1,-5,6
5117065000,2025-03-31,강원특별자치도,동해시,삼화동,2469,1298,1171,2453,1282,1171,-16,-16,0
5119051500,2025-03-31,강원특별자치도,태백시,황지동,7503,3745,3758,7566,3781,3785,63,36,27
5119052500,2025-03-31,강원특별자치도,태백시,황연동,3713,1910,1803,3698,1902,1796,-15,-8,-7
5119053500,2025-03-31,강원특별자치도,태백시,삼수동,4894,2484,2410,4880,2480,2400,-14,-4,-10
5119054000,2025-03-31,강원특별자치도,태백시,상장동,11439,5788,5651,11382,5763,5619,-57,-25,-32
5119058500,2025-03-31,강원특별자치도,태백시,문곡소도동,3294,1642,1652,3290,1638,1652,-4,-4,0
5119059500,2025-03-31,강원특별자치도,태백시,장성동,3078,1524,1554,3062,1513,1549,-16,-11,-5
5119060500,2025-03-31,강원특별자치도,태백시,구문소동,2084,1061,1023,2117,1092,1025,33,31,2
5119061500,2025-03-31,강원특별자치도,태백시,철암동,1729,905,824,1720,902,818,-9,-3,-6
5121051000,2025-03-31,강원특별자치도,속초시,영랑동,4360,2257,2103,4350,2252,2098,-10,-5,-5
5121052000,2025-03-31,강원특별자치도,속초시,동명동,5233,2571,2662,5257,2593,2664,24,22,2
5121054000,2025-03-31,강원특별자치도,속초시,금호동,5489,2689,2800,5459,2678,2781,-30,-11,-19
5121056000,2025-03-31,강원특별자치도,속초시,교동,8782,4319,4463,8767,4306,4461,-15,-13,-2
5121057000,2025-03-31,강원특별자치도,속초시,노학동,20256,10089,10167,20213,10049,10164,-43,-40,-3
5121058000,2025-03-31,강원특별자치도,속초시,조양동,28924,13986,14938,28827,13960,14867,-97,-26,-71
5121059000,2025-03-31,강원특별자치도,속초시,청호동,4636,2335,2301,4632,2329,2303,-4,-6,2
5121060000,2025-03-31,강원특별자치도,속초시,대포동,2876,1498,1378,2867,1490,1377,-9,-8,-1
5123025000,2025-03-31,강원특별자치도,삼척시,도계읍,8586,4344,4242,9003,4582,4421,417,238,179
5123025300,2025-03-31,강원특별자치도,삼척시,원덕읍,3065,1635,1430,3061,1631,1430,-4,-4,0
5123025400,2025-03-31,강원특별자치도,삼척시,원덕읍임원출장소,1489,746,743,1476,739,737,-13,-7,-6
5123031000,2025-03-31,강원특별자치도,삼척시,근덕면,4649,2396,2253,4632,2386,2246,-17,-10,-7
5123032000,2025-03-31,강원특별자치도,삼척시,하장면,1189,651,538,1186,649,537,-3,-2,-1
5123033000,2025-03-31,강원특별자치도,삼척시,노곡면,673,373,300,672,374,298,-1,1,-2
5123034000,2025-03-31,강원특별자치도,삼척시,미로면,1719,912,807,1715,906,809,-4,-6,2
5123035000,2025-03-31,강원특별자치도,삼척시,가곡면,664,339,325,668,342,326,4,3,1
5123036000,2025-03-31,강원특별자치도,삼척시,신기면,635,351,284,633,349,284,-2,-2,0
5123051000,2025-03-31,강원특별자치도,삼척시,남양동,6586,3244,3342,6572,3226,3346,-14,-18,4
5123053000,2025-03-31,강원특별자치도,삼척시,교동,15136,7764,7372,15099,7742,7357,-37,-22,-15
5123054000,2025-03-31,강원특별자치도,삼척시,정라동,9634,4898,4736,9621,4899,4722,-13,1,-14
5123057000,2025-03-31,강원특별자치도,삼척시,성내동,7211,3536,3675,7214,3541,3673,3,5,-2
5172025000,2025-03-31,강원특별자치도,홍천군,홍천읍,33645,17004,16641,33616,16997,16619,-29,-7,-22
5172031000,2025-03-31,강원특별자치도,홍천군,화촌면,4192,2268,1924,4180,2262,1918,-12,-6,-6
5172032000,2025-03-31,강원특별자치도,홍천군,두촌면,2369,1187,1182,2370,1183,1187,1,-4,5
5172033000,2025-03-31,강원특별자치도,홍천군,내촌면,2408,1257,1151,2412,1262,1150,4,5,-1
5172034000,2025-03-31,강원특별자치도,홍천군,서석면,3626,1868,1758,3625,1866,1759,-1,-2,1
5172035200,2025-03-31,강원특별자치도,홍천군,영귀미면,4025,2082,1943,4037,2088,1949,12,6,6
5172036000,2025-03-31,강원특별자치도,홍천군,남면,5563,2981,2582,5542,2967,2575,-21,-14,-7
5172037000,2025-03-31,강원특별자치도,홍천군,서면,3767,1982,1785,3783,1992,1791,16,10,6
5172038000,2025-03-31,강원특별자치도,홍천군,북방면,4021,2115,1906,4015,2109,1906,-6,-6,0
5172039000,2025-03-31,강원특별자치도,홍천군,내면,2912,1566,1346,2905,1561,1344,-7,-5,-2
5173025000,2025-03-31,강원특별자치도,횡성군,횡성읍,20636,10413,10223,20606,10410,10196,-30,-3,-27
5173031000,2025-03-31,강원특별자치도,횡성군,우천면,4322,2269,2053,4329,2285,2044,7,16,-9
5173032000,2025-03-31,강원특별자치도,횡성군,안흥면,3071,1568,1503,3119,1599,1520,48,31,17
5173033000,2025-03-31,강원특별자치도,횡성군,둔내면,5928,3123,2805,5919,3114,2805,-9,-9,0
5173034000,2025-03-31,강원특별자치도,횡성군,갑천면,2470,1292,1178,2460,1286,1174,-10,-6,-4
5173035000,2025-03-31,강원특별자치도,횡성군,청일면,2369,1209,1160,2375,1213,1162,6,4,2
5173036000,2025-03-31,강원특별자치도,횡성군,공근면,3399,1771,1628,3396,1766,1630,-3,-5,2
5173037000,2025-03-31,강원특별자치도,횡성군,서원면,2034,1091,943,2040,1094,946,6,3,3
5173038000,2025-03-31,강원특별자치도,횡성군,강림면,1748,907,841,1751,915,836,3,8,-5
5175025000,2025-03-31,강원특별자치도,영월군,영월읍,19671,10010,9661,19686,10034,9652,15,24,-9
5175025300,2025-03-31,강원특별자치도,영월군,상동읍,1018,534,484,1021,536,485,3,2,1
5175031200,2025-03-31,강원특별자치도,영월군,산솔면,1378,745,633,1376,742,634,-2,-3,1
5175032500,2025-03-31,강원특별자치도,영월군,김삿갓면,1742,923,819,1738,920,818,-4,-3,-1
5175033000,2025-03-31,강원특별자치도,영월군,북면,2020,1065,955,2008,1058,950,-12,-7,-5
5175034000,2025-03-31,강원특별자치도,영월군,남면,2105,1123,982,2097,1120,977,-8,-3,-5
5175035500,2025-03-31,강원특별자치도,영월군,한반도면,1143,615,528,1146,616,530,3,1,2
5175035900,2025-03-31,강원특별자치도,영월군,한반도면쌍용출장소,1520,807,713,1526,812,714,6,5,1
5175036000,2025-03-31,강원특별자치도,영월군,주천면,3793,1956,1837,3804,1965,1839,11,9,2
5175038000,2025-03-31,강원특별자치도,영월군,무릉도원면,2110,1100,1010,2105,1102,1003,-5,2,-7
5176025000,2025-03-31,강원특별자치도,평창군,평창읍,8301,4274,4027,8262,4254,4008,-39,-20,-19
5176031000,2025-03-31,강원특별자치도,평창군,미탄면,1521,833,688,1518,830,688,-3,-3,0
5176032000,2025-03-31,강원특별자치도,평창군,방림면,795,423,372,800,425,375,5,2,3
5176032500,2025-03-31,강원특별자치도,평창군,방림면계촌출장소,1706,881,825,1706,883,823,0,2,-2
5176033000,2025-03-31,강원특별자치도,평창군,대화면,4977,2551,2426,4970,2549,2421,-7,-2,-5
5176034000,2025-03-31,강원특별자치도,평창군,봉평면,5608,2935,2673,5603,2932,2671,-5,-3,-2
5176035000,2025-03-31,강원특별자치도,평창군,용평면,2968,1529,1439,2960,1524,1436,-8,-5,-3
5176036000,2025-03-31,강원특별자치도,평창군,진부면,8456,4286,4170,8444,4275,4169,-12,-11,-1
5176038000,2025-03-31,강원특별자치도,평창군,대관령면,5857,3139,2718,5827,3131,2696,-30,-8,-22
5177025000,2025-03-31,강원특별자치도,정선군,정선읍,9837,5045,4792,9822,5036,4786,-15,-9,-6
5177025300,2025-03-31,강원특별자치도,정선군,고한읍,4142,2157,1985,4145,2151,1994,3,-6,9
5177025600,2025-03-31,강원특별자치도,정선군,사북읍,4186,2174,2012,4166,2159,2007,-20,-15,-5
5177025900,2025-03-31,강원특별자치도,정선군,신동읍,1688,886,802,1683,881,802,-5,-5,0
5177026000,2025-03-31,강원특별자치도,정선군,신동읍함백출장소,1487,768,719,1482,767,715,-5,-1,-4
5177032000,2025-03-31,강원특별자치도,정선군,남면,3070,1638,1432,3065,1638,1427,-5,0,-5
5177034000,2025-03-31,강원특별자치도,정선군,북평면,2366,1199,1167,2377,1203,1174,11,4,7
5177035000,2025-03-31,강원특별자치도,정선군,임계면,3266,1742,1524,3270,1747,1523,4,5,-1
5177036000,2025-03-31,강원특별자치도,정선군,화암면,1510,822,688,1512,821,691,2,-1,3
5177037000,2025-03-31,강원특별자치도,정선군,여량면,1860,1000,860,1855,993,862,-5,-7,2
5178025000,2025-03-31,강원특별자치도,철원군,철원읍,4732,2403,2329,4747,2411,2336,15,8,7
5178025300,2025-03-31,강원특별자치도,철원군,김화읍,3038,1610,1428,3017,1594,1423,-21,-16,-5
5178025600,2025-03-31,강원특별자치도,철원군,갈말읍,11383,6056,5327,11351,6031,5320,-32,-25,-7
5178025900,2025-03-31,강원특별자치도,철원군,동송읍,14086,7092,6994,14067,7074,6993,-19,-18,-1
5178031000,2025-03-31,강원특별자치도,철원군,서면,1600,899,701,1611,900,711,11,1,10
5178031500,2025-03-31,강원특별자치도,철원군,서면와수출장소,3422,1715,1707,3425,1715,1710,3,0,3
5178032000,2025-03-31,강원특별자치도,철원군,근남면,1882,977,905,1869,969,900,-13,-8,-5
5178033000,2025-03-31,강원특별자치도,철원군,근북면,93,43,50,93,43,50,0,0,0
5179025000,2025-03-31,강원특별자치도,화천군,화천읍,8147,4247,3900,8171,4256,3915,24,9,15
5179031000,2025-03-31,강원특별자치도,화천군,간동면,2553,1384,1169,2550,1379,1171,-3,-5,2
5179032000,2025-03-31,강원특별자치도,화천군,하남면,2805,1478,1327,2791,1471,1320,-14,-7,-7
5179033000,2025-03-31,강원특별자치도,화천군,상서면,3472,2054,1418,3469,2052,1417,-3,-2,-1
5179034000,2025-03-31,강원특별자치도,화천군,사내면,5635,2967,2668,5628,2956,2672,-7,-11,4
5180025000,2025-03-31,강원특별자치도,양구군,양구읍,13056,6639,6417,13172,6691,6481,116,52,64
5180031500,2025-03-31,강원특별자치도,양구군,국토정중앙면,3215,1784,1431,3201,1772,1429,-14,-12,-2
5180032000,2025-03-31,강원특별자치도,양구군,동면,1843,1002,841,1836,1000,836,-7,-2,-5
5180033000,2025-03-31,강원특별자치도,양구군,방산면,1132,621,511,1137,624,513,5,3,2
5180034000,2025-03-31,강원특별자치도,양구군,해안면,1171,641,530,1172,643,529,1,2,-1
5181025000,2025-03-31,강원특별자치도,인제군,인제읍,9933,5262,4671,9910,5250,4660,-23,-12,-11
5181025100,2025-03-31,강원특별자치도,인제군,인제읍귀둔출장소,487,253,234,490,254,236,3,1,2
5181031000,2025-03-31,강원특별자치도,인제군,남면,3705,2088,1617,3686,2076,1610,-19,-12,-7
5181032000,2025-03-31,강원특별자치도,인제군,북면,7664,4158,3506,7651,4155,3496,-13,-3,-10
5181033000,2025-03-31,강원특별자치도,인제군,기린면,4934,2712,2222,4938,2720,2218,4,8,-4
5181034000,2025-03-31,강원특별자치도,인제군,서화면,2452,1467,985,2425,1449,976,-27,-18,-9
5181035000,2025-03-31,강원특별자치도,인제군,상남면,2045,1145,900,2046,1144,902,1,-1,2
5182025000,2025-03-31,강원특별자치도,고성군,간성읍,7337,3839,3498,7347,3848,3499,10,9,1
5182025300,2025-03-31,강원특별자치도,고성군,거진읍,5536,2743,2793,5518,2731,2787,-18,-12,-6
5182031000,2025-03-31,강원특별자치도,고성군,현내면,2129,1054,1075,2115,1050,1065,-14,-4,-10
5182032000,2025-03-31,강원특별자치도,고성군,죽왕면,3285,1704,1581,3283,1703,1580,-2,-1,-1
5182033000,2025-03-31,강원특별자치도,고성군,토성면,8511,4393,4118,8549,4410,4139,38,17,21
5183025000,2025-03-31,강원특별자치도,양양군,양양읍,12444,6290,6154,12432,6283,6149,-12,-7,-5
5183031000,2025-03-31,강원특별자치도,양양군,서면,2684,1392,1292,2682,1386,1296,-2,-6,4
5183032000,2025-03-31,강원특별자치도,양양군,손양면,2215,1126,1089,2205,1120,1085,-10,-6,-4
5183033000,2025-03-31,강원특별자치도,양양군,현북면,2619,1376,1243,2609,1377,1232,-10,1,-11
5183034000,2025-03-31,강원특별자치도,양양군,현남면,2954,1546,1408,2942,1542,1400,-12,-4,-8
5183035000,2025-03-31,강원특별자치도,양양군,강현면,4588,2361,2227,4582,2359,2223,-6,-2,-4
5211151000,2025-03-31,전북특별자치도,전주시 완산구,중앙동,9568,4724,4844,9577,4727,4850,9,3,6
5211153000,2025-03-31,전북특별자치도,전주시 완산구,풍남동,3496,1733,1763,3486,1728,1758,-10,-5,-5
5211160500,2025-03-31,전북특별자치도,전주시 완산구,노송동,10224,5000,5224,10178,4973,5205,-46,-27,-19
5211163500,2025-03-31,전북특별자치도,전주시 완산구,완산동,4793,2333,2460,4794,2337,2457,1,4,-3
5211165000,2025-03-31,전북특별자치도,전주시 완산구,동서학동,5750,2797,2953,5735,2792,2943,-15,-5,-10
5211166000,2025-03-31,전북특별자치도,전주시 완산구,서서학동,7833,3772,4061,7808,3765,4043,-25,-7,-18
5211167100,2025-03-31,전북특별자치도,전주시 완산구,중화산1동,13400,6341,7059,13401,6338,7063,1,-3,4
5211167200,2025-03-31,전북특별자치도,전주시 완산구,중화산2동,18769,9416,9353,18710,9370,9340,-59,-46,-13
5211168000,2025-03-31,전북특별자치도,전주시 완산구,서신동,38501,18719,19782,38395,18682,19713,-106,-37,-69
5211169100,2025-03-31,전북특별자치도,전주시 완산구,평화1동,11671,5551,6120,11677,5559,6118,6,8,-2
5211169200,2025-03-31,전북특별자치도,전주시 완산구,평화2동,42741,20480,22261,42639,20434,22205,-102,-46,-56
5211170100,2025-03-31,전북특별자치도,전주시 완산구,삼천1동,11423,5565,5858,11334,5516,5818,-89,-49,-40
5211170200,2025-03-31,전북특별자치도,전주시 완산구,삼천2동,12092,5775,6317,12053,5750,6303,-39,-25,-14
5211170300,2025-03-31,전북특별자치도,전주시 완산구,삼천3동,20530,9840,10690,20450,9784,10666,-80,-56,-24
5211171100,2025-03-31,전북특별자치도,전주시 완산구,효자1동,12650,6022,6628,12595,5991,6604,-55,-31,-24
5211171200,2025-03-31,전북특별자치도,전주시 완산구,효자2동,8961,4268,4693,8912,4243,4669,-49,-25,-24
5211171300,2025-03-31,전북특별자치도,전주시 완산구,효자3동,13652,6348,7304,13621,6334,7287,-31,-14,-17
5211171400,2025-03-31,전북특별자치도,전주시 완산구,효자4동,38574,18798,19776,38541,18764,19777,-33,-34,1
5211173000,2025-03-31,전북특별자치도,전주시 완산구,효자5동,36000,17994,18006,36011,18009,18002,11,15,-4
5211352500,2025-03-31,전북특별자치도,전주시 덕진구,진북동,12198,5848,6350,12192,5853,6339,-6,5,-11
5211354000,2025-03-31,전북특별자치도,전주시 덕진구,인후1동,17053,8198,8855,17023,8192,8831,-30,-6,-24
5211355000,2025-03-31,전북특별자치도,전주시 덕진구,인후2동,10084,4955,5129,10084,4962,5122,0,7,-7
5211356000,2025-03-31,전북특별자치도,전주시 덕진구,인후3동,29772,14730,15042,29736,14694,15042,-36,-36,0
5211357000,2025-03-31,전북특별자치도,전주시 덕진구,덕진동,20584,10464,10120,20587,10463,10124,3,-1,4
5211357500,2025-03-31,전북특별자치도,전주시 덕진구,금암동,0,0,0,17729,9088,8641,17729,9088,8641
5211358000,2025-03-31,전북특별자치도,전주시 덕진구,금암1동,8374,4512,3862,0,0,0,-8374,-4512,-3862
5211359000,2025-03-31,전북특별자치도,전주시 덕진구,금암2동,9397,4585,4812,0,0,0,-9397,-4585,-4812
5211360000,2025-03-31,전북특별자치도,전주시 덕진구,팔복동,7246,3935,3311,7206,3910,3296,-40,-25,-15
5211361100,2025-03-31,전북특별자치도,전주시 덕진구,우아1동,11772,5883,5889,11758,5895,5863,-14,12,-26
5211361200,2025-03-31,전북특별자치도,전주시 덕진구,우아2동,13667,7240,6427,13620,7217,6403,-47,-23,-24
5211362000,2025-03-31,전북특별자치도,전주시 덕진구,호성동,18393,8740,9653,18337,8712,9625,-56,-28,-28
5211364100,2025-03-31,전북특별자치도,전주시 덕진구,송천1동,64319,31804,32515,64248,31787,32461,-71,-17,-54
5211364200,2025-03-31,전북특별자치도,전주시 덕진구,송천2동,26302,12858,13444,26268,12845,13423,-34,-13,-21
5211365000,2025-03-31,전북특별자치도,전주시 덕진구,조촌동,12293,6264,6029,12290,6266,6024,-3,2,-5
5211366500,2025-03-31,전북특별자치도,전주시 덕진구,여의동,15623,7907,7716,15584,7887,7697,-39,-20,-19
5211367000,2025-03-31,전북특별자치도,전주시 덕진구,혁신동,35963,17696,18267,35887,17632,18255,-76,-64,-12
5213025000,2025-03-31,전북특별자치도,군산시,옥구읍,2887,1489,1398,2873,1487,1386,-14,-2,-12
5213031000,2025-03-31,전북특별자치도,군산시,옥산면,4355,2226,2129,4351,2229,2122,-4,3,-7
5213032000,2025-03-31,전북특별자치도,군산시,회현면,3113,1610,1503,3088,1595,1493,-25,-15,-10
5213033000,2025-03-31,전북특별자치도,군산시,임피면,2386,1236,1150,2374,1229,1145,-12,-7,-5
5213034000,2025-03-31,전북특별자치도,군산시,서수면,2317,1158,1159,2304,1153,1151,-13,-5,-8
5213035000,2025-03-31,전북특별자치도,군산시,대야면,4460,2202,2258,4452,2201,2251,-8,-1,-7
5213036000,2025-03-31,전북특별자치도,군산시,개정면,2734,1388,1346,2726,1383,1343,-8,-5,-3
5213037000,2025-03-31,전북특별자치도,군산시,성산면,2515,1249,1266,2516,1248,1268,1,-1,2
5213038000,2025-03-31,전북특별자치도,군산시,나포면,2007,1032,975,2000,1029,971,-7,-3,-4
5213039000,2025-03-31,전북특별자치도,군산시,옥도면,2832,1604,1228,2828,1600,1228,-4,-4,0
5213040000,2025-03-31,전북특별자치도,군산시,옥서면,2606,1355,1251,2600,1357,1243,-6,2,-8
5213051500,2025-03-31,전북특별자치도,군산시,해신동,1953,933,1020,1941,929,1012,-12,-4,-8
5213053000,2025-03-31,전북특별자치도,군산시,월명동,4584,2273,2311,4581,2259,2322,-3,-14,11
5213055000,2025-03-31,전북특별자치도,군산시,신풍동,6051,2991,3060,6040,2979,3061,-11,-12,1
5213056000,2025-03-31,전북특별자치도,군산시,삼학동,5084,2494,2590,5057,2488,2569,-27,-6,-21
5213060500,2025-03-31,전북특별자치도,군산시,중앙동,3964,1976,1988,3980,1983,1997,16,7,9
5213064000,2025-03-31,전북특별자치도,군산시,흥남동,11422,5717,5705,11402,5704,5698,-20,-13,-7
5213065000,2025-03-31,전북특별자치도,군산시,조촌동,26272,13190,13082,26248,13184,13064,-24,-6,-18
5213066000,2025-03-31,전북특별자치도,군산시,경암동,6759,3362,3397,6723,3342,3381,-36,-20,-16
5213067000,2025-03-31,전북특별자치도,군산시,구암동,12529,6394,6135,12613,6436,6177,84,42,42
5213068000,2025-03-31,전북특별자치도,군산시,개정동,2419,1226,1193,2417,1225,1192,-2,-1,-1
5213069000,2025-03-31,전북특별자치도,군산시,수송동,53395,26734,26661,53325,26695,26630,-70,-39,-31
5213070100,2025-03-31,전북특별자치도,군산시,나운1동,12925,6437,6488,12881,6417,6464,-44,-20,-24
5213070200,2025-03-31,전북특별자치도,군산시,나운2동,20943,10054,10889,20899,10036,10863,-44,-18,-26
5213070300,2025-03-31,전북특별자치도,군산시,나운3동,29978,14996,14982,29968,14999,14969,-10,3,-13
5213071000,2025-03-31,전북특별자치도,군산시,소룡동,16302,9244,7058,16221,9192,7029,-81,-52,-29
5213072000,2025-03-31,전북특별자치도,군산시,미성동,10654,6067,4587,10624,6064,4560,-30,-3,-27
5214025000,2025-03-31,전북특별자치도,익산시,함열읍,6144,3026,3118,6091,2995,3096,-53,-31,-22
5214031000,2025-03-31,전북특별자치도,익산시,오산면,6770,3349,3421,6684,3309,3375,-86,-40,-46
5214032000,2025-03-31,전북특별자치도,익산시,황등면,6550,3308,3242,6509,3299,3210,-41,-9,-32
5214033000,2025-03-31,전북특별자치도,익산시,함라면,2008,996,1012,1996,990,1006,-12,-6,-6
5214034000,2025-03-31,전북특별자치도,익산시,웅포면,1434,745,689,1428,741,687,-6,-4,-2
5214035000,2025-03-31,전북특별자치도,익산시,성당면,1752,892,860,1734,883,851,-18,-9,-9
5214036000,2025-03-31,전북특별자치도,익산시,용안면,2392,1221,1171,2389,1221,1168,-3,0,-3
5214037000,2025-03-31,전북특별자치도,익산시,낭산면,2717,1416,1301,2701,1414,1287,-16,-2,-14
5214038000,2025-03-31,전북특별자치도,익산시,망성면,2693,1347,1346,2702,1347,1355,9,0,9
5214039000,2025-03-31,전북특별자치도,익산시,여산면,2967,1523,1444,2952,1519,1433,-15,-4,-11
5214040000,2025-03-31,전북특별자치도,익산시,금마면,5048,2611,2437,5015,2586,2429,-33,-25,-8
5214041000,2025-03-31,전북특별자치도,익산시,왕궁면,5063,2609,2454,5066,2617,2449,3,8,-5
5214042000,2025-03-31,전북특별자치도,익산시,춘포면,4301,2237,2064,4299,2236,2063,-2,-1,-1
5214043000,2025-03-31,전북특별자치도,익산시,삼기면,2454,1256,1198,2456,1256,1200,2,0,2
5214044000,2025-03-31,전북특별자치도,익산시,용동면,1389,682,707,1391,682,709,2,0,2
5214052000,2025-03-31,전북특별자치도,익산시,중앙동,2931,1565,1366,2924,1564,1360,-7,-1,-6
5214053000,2025-03-31,전북특별자치도,익산시,평화동,4183,2228,1955,4176,2222,1954,-7,-6,-1
5214056000,2025-03-31,전북특별자치도,익산시,인화동,6049,3063,2986,5999,3035,2964,-50,-28,-22
5214057000,2025-03-31,전북특별자치도,익산시,동산동,20148,9848,10300,20008,9790,10218,-140,-58,-82
5214058000,2025-03-31,전북특별자치도,익산시,마동,14552,7318,7234,16711,8399,8312,2159,1081,1078
5214059500,2025-03-31,전북특별자치도,익산시,남중동,10709,5440,5269,10766,5496,5270,57,56,1
5214061000,2025-03-31,전북특별자치도,익산시,모현동,36728,17763,18965,36286,17536,18750,-442,-227,-215
5214062000,2025-03-31,전북특별자치도,익산시,송학동,11642,5793,5849,11558,5729,5829,-84,-64,-20
5214064600,2025-03-31,전북특별자치도,익산시,영등1동,20643,10123,10520,20334,9953,10381,-309,-170,-139
5214064700,2025-03-31,전북특별자치도,익산시,영등2동,12630,6157,6473,12476,6085,6391,-154,-72,-82
5214065200,2025-03-31,전북특별자치도,익산시,어양동,22566,11009,11557,22301,10875,11426,-265,-134,-131
5214065600,2025-03-31,전북특별자치도,익산시,신동,14455,7383,7072,14529,7404,7125,74,21,53
5214067000,2025-03-31,전북특별자치도,익산시,팔봉동,6300,3286,3014,6258,3261,2997,-42,-25,-17
5214069000,2025-03-31,전북특별자치도,익산시,삼성동,30103,14880,15223,29890,14780,15110,-213,-100,-113
5218025000,2025-03-31,전북특별자치도,정읍시,신태인읍,4999,2450,2549,4976,2439,2537,-23,-11,-12
5218031000,2025-03-31,전북특별자치도,정읍시,북면,3879,1979,1900,3859,1967,1892,-20,-12,-8
5218032000,2025-03-31,전북특별자치도,정읍시,입암면,2587,1309,1278,2577,1303,1274,-10,-6,-4
5218033000,2025-03-31,전북특별자치도,정읍시,소성면,1913,979,934,1915,981,934,2,2,0
5218034000,2025-03-31,전북특별자치도,정읍시,고부면,2598,1296,1302,2607,1301,1306,9,5,4
5218035000,2025-03-31,전북특별자치도,정읍시,영원면,1618,818,800,1617,817,800,-1,-1,0
5218036000,2025-03-31,전북특별자치도,정읍시,덕천면,1652,844,808,1642,847,795,-10,3,-13
5218037000,2025-03-31,전북특별자치도,정읍시,이평면,1877,957,920,1858,941,917,-19,-16,-3
5218038000,2025-03-31,전북특별자치도,정읍시,정우면,2275,1168,1107,2292,1174,1118,17,6,11
5218039000,2025-03-31,전북특별자치도,정읍시,태인면,3172,1600,1572,3162,1589,1573,-10,-11,1
5218040000,2025-03-31,전북특별자치도,정읍시,감곡면,2551,1310,1241,2558,1314,1244,7,4,3
5218041000,2025-03-31,전북특별자치도,정읍시,옹동면,1556,804,752,1558,806,752,2,2,0
5218042000,2025-03-31,전북특별자치도,정읍시,칠보면,2105,1095,1010,2108,1097,1011,3,2,1
5218043000,2025-03-31,전북특별자치도,정읍시,산내면,1182,602,580,1184,603,581,2,1,1
5218044000,2025-03-31,전북특별자치도,정읍시,산외면,1901,982,919,1902,982,920,1,0,1
5218051000,2025-03-31,전북특별자치도,정읍시,수성동,16081,8170,7911,16087,8175,7912,6,5,1
5218052000,2025-03-31,전북특별자치도,정읍시,장명동,2664,1325,1339,2668,1327,1341,4,2,2
5218053500,2025-03-31,전북특별자치도,정읍시,내장상동,20622,9993,10629,20582,9982,10600,-40,-11,-29
5218054500,2025-03-31,전북특별자치도,정읍시,시기동,3027,1432,1595,3027,1435,1592,0,3,-3
5218056500,2025-03-31,전북특별자치도,정읍시,초산동,9835,4885,4950,9830,4881,4949,-5,-4,-1
5218057000,2025-03-31,전북특별자치도,정읍시,연지동,5698,2819,2879,5688,2812,2876,-10,-7,-3
5218058000,2025-03-31,전북특별자치도,정읍시,농소동,3719,1828,1891,3728,1831,1897,9,3,6
5218059500,2025-03-31,전북특별자치도,정읍시,상교동,4117,2124,1993,4104,2119,1985,-13,-5,-8
5219025000,2025-03-31,전북특별자치도,남원시,운봉읍,3538,1720,1818,3540,1715,1825,2,-5,7
5219031000,2025-03-31,전북특별자치도,남원시,주천면,2443,1247,1196,2434,1242,1192,-9,-5,-4
5219032000,2025-03-31,전북특별자치도,남원시,수지면,1018,518,500,1017,515,502,-1,-3,2
5219033000,2025-03-31,전북특별자치도,남원시,송동면,1826,921,905,1830,922,908,4,1,3
5219034000,2025-03-31,전북특별자치도,남원시,주생면,1676,824,852,1678,828,850,2,4,-2
5219035000,2025-03-31,전북특별자치도,남원시,금지면,2075,982,1093,2074,983,1091,-1,1,-2
5219036000,2025-03-31,전북특별자치도,남원시,대강면,1417,688,729,1407,684,723,-10,-4,-6
5219037000,2025-03-31,전북특별자치도,남원시,대산면,1490,768,722,1485,762,723,-5,-6,1
5219038000,2025-03-31,전북특별자치도,남원시,사매면,1462,759,703,1447,753,694,-15,-6,-9
5219039000,2025-03-31,전북특별자치도,남원시,덕과면,908,464,444,915,469,446,7,5,2
5219040000,2025-03-31,전북특별자치도,남원시,보절면,1308,671,637,1306,670,636,-2,-1,-1
5219041000,2025-03-31,전북특별자치도,남원시,산동면,1631,816,815,1621,814,807,-10,-2,-8
5219042000,2025-03-31,전북특별자치도,남원시,이백면,2103,1037,1066,2099,1031,1068,-4,-6,2
5219045000,2025-03-31,전북특별자치도,남원시,아영면,1797,919,878,1803,926,877,6,7,-1
5219046000,2025-03-31,전북특별자치도,남원시,산내면,1987,982,1005,1979,980,999,-8,-2,-6
5219047000,2025-03-31,전북특별자치도,남원시,인월면,2679,1318,1361,2675,1325,1350,-4,7,-11
5219051000,2025-03-31,전북특별자치도,남원시,동충동,2929,1409,1520,2925,1406,1519,-4,-3,-1
5219052000,2025-03-31,전북특별자치도,남원시,죽항동,2904,1375,1529,2886,1367,1519,-18,-8,-10
5219054000,2025-03-31,전북특별자치도,남원시,노암동,5811,2816,2995,5798,2811,2987,-13,-5,-8
5219055000,2025-03-31,전북특별자치도,남원시,금동,5941,2831,3110,5915,2814,3101,-26,-17,-9
5219056000,2025-03-31,전북특별자치도,남원시,왕정동,5356,2598,2758,5370,2604,2766,14,6,8
5219057000,2025-03-31,전북특별자치도,남원시,향교동,6485,3267,3218,6463,3266,3197,-22,-1,-21
5219059000,2025-03-31,전북특별자치도,남원시,도통동,16545,8060,8485,16565,8066,8499,20,6,14
5221025000,2025-03-31,전북특별자치도,김제시,만경읍,2525,1297,1228,2523,1297,1226,-2,0,-2
5221032000,2025-03-31,전북특별자치도,김제시,죽산면,2310,1145,1165,2315,1149,1166,5,4,1
5221033000,2025-03-31,전북특별자치도,김제시,백산면,3508,1833,1675,3523,1841,1682,15,8,7
5221034000,2025-03-31,전북특별자치도,김제시,용지면,3354,1736,1618,3361,1746,1615,7,10,-3
5221035000,2025-03-31,전북특별자치도,김제시,백구면,3588,1793,1795,3595,1797,1798,7,4,3
5221036000,2025-03-31,전북특별자치도,김제시,부량면,1286,642,644,1293,647,646,7,5,2
5221038000,2025-03-31,전북특별자치도,김제시,공덕면,2434,1281,1153,2434,1279,1155,0,-2,2
5221039000,2025-03-31,전북특별자치도,김제시,청하면,1666,841,825,1671,843,828,5,2,3
5221040000,2025-03-31,전북특별자치도,김제시,성덕면,1689,876,813,1688,877,811,-1,1,-2
5221041000,2025-03-31,전북특별자치도,김제시,진봉면,2443,1197,1246,2431,1191,1240,-12,-6,-6
5221042000,2025-03-31,전북특별자치도,김제시,금구면,4916,2517,2399,4945,2531,2414,29,14,15
5221043000,2025-03-31,전북특별자치도,김제시,봉남면,2122,1039,1083,2132,1044,1088,10,5,5
5221044000,2025-03-31,전북특별자치도,김제시,황산면,1827,946,881,1820,940,880,-7,-6,-1
5221045000,2025-03-31,전북특별자치도,김제시,금산면,4431,2246,2185,4420,2241,2179,-11,-5,-6
5221046000,2025-03-31,전북특별자치도,김제시,광활면,1270,657,613,1270,658,612,0,1,-1
5221051000,2025-03-31,전북특별자치도,김제시,요촌동,10819,5391,5428,10809,5388,5421,-10,-3,-7
5221052000,2025-03-31,전북특별자치도,김제시,신풍동,12499,6088,6411,12483,6087,6396,-16,-1,-15
5221054000,2025-03-31,전북특별자치도,김제시,검산동,12099,5930,6169,12105,5953,6152,6,23,-17
5221058000,2025-03-31,전북특별자치도,김제시,교월동,6347,3161,3186,6364,3169,3195,17,8,9
5271025000,2025-03-31,전북특별자치도,완주군,삼례읍,21917,11316,10601,21977,11371,10606,60,55,5
5271025300,2025-03-31,전북특별자치도,완주군,봉동읍,24221,12649,11572,24204,12648,11556,-17,-1,-16
5271025600,2025-03-31,전북특별자치도,완주군,용진읍,10794,5446,5348,10811,5447,5364,17,1,16
5271032000,2025-03-31,전북특별자치도,완주군,상관면,3998,2067,1931,3990,2060,1930,-8,-7,-1
5271033000,2025-03-31,전북특별자치도,완주군,이서면,15193,7585,7608,15241,7609,7632,48,24,24
5271034000,2025-03-31,전북특별자치도,완주군,소양면,5619,2877,2742,5620,2869,2751,1,-8,9
5271035000,2025-03-31,전북특별자치도,완주군,구이면,5463,2776,2687,5509,2799,2710,46,23,23
5271036000,2025-03-31,전북특별자치도,완주군,고산면,4278,2215,2063,4289,2219,2070,11,4,7
5271037000,2025-03-31,전북특별자치도,완주군,비봉면,1718,906,812,1725,907,818,7,1,6
5271038000,2025-03-31,전북특별자치도,완주군,운주면,1869,937,932,1865,933,932,-4,-4,0
5271039000,2025-03-31,전북특별자치도,완주군,화산면,2620,1373,1247,2600,1357,1243,-20,-16,-4
5271040000,2025-03-31,전북특별자치도,완주군,동상면,1043,554,489,1045,556,489,2,2,0
5271041000,2025-03-31,전북특별자치도,완주군,경천면,942,485,457,943,484,459,1,-1,2
5272025000,2025-03-31,전북특별자치도,진안군,진안읍,9640,4881,4759,9624,4876,4748,-16,-5,-11
5272031000,2025-03-31,전북특별자치도,진안군,용담면,845,420,425,844,420,424,-1,0,-1
5272032000,2025-03-31,전북특별자치도,진안군,안천면,1056,521,535,1054,519,535,-2,-2,0
5272033000,2025-03-31,전북특별자치도,진안군,동향면,1327,649,678,1317,648,669,-10,-1,-9
5272034000,2025-03-31,전북특별자치도,진안군,상전면,806,400,406,811,403,408,5,3,2
5272035000,2025-03-31,전북특별자치도,진안군,백운면,1895,1013,882,1900,1018,882,5,5,0
5272036000,2025-03-31,전북특별자치도,진안군,성수면,1693,873,820,1689,874,815,-4,1,-5
5272037000,2025-03-31,전북특별자치도,진안군,마령면,1709,887,822,1709,885,824,0,-2,2
5272038000,2025-03-31,전북특별자치도,진안군,부귀면,2828,1479,1349,2834,1480,1354,6,1,5
5272039000,2025-03-31,전북특별자치도,진안군,정천면,1045,546,499,1035,544,491,-10,-2,-8
5272040000,2025-03-31,전북특별자치도,진안군,주천면,1409,730,679,1408,728,680,-1,-2,1
5273025000,2025-03-31,전북특별자치도,무주군,무주읍,9299,4659,4640,9289,4654,4635,-10,-5,-5
5273031000,2025-03-31,전북특별자치도,무주군,무풍면,2113,1064,1049,2102,1062,1040,-11,-2,-9
5273032000,2025-03-31,전북특별자치도,무주군,설천면,3766,1911,1855,3776,1915,1861,10,4,6
5273033000,2025-03-31,전북특별자치도,무주군,적상면,2501,1252,1249,2503,1248,1255,2,-4,6
5273034000,2025-03-31,전북특별자치도,무주군,안성면,3962,1956,2006,3979,1964,2015,17,8,9
5273035000,2025-03-31,전북특별자치도,무주군,부남면,1343,701,642,1340,696,644,-3,-5,2
5274025000,2025-03-31,전북특별자치도,장수군,장수읍,6888,3422,3466,6859,3403,3456,-29,-19,-10
5274031000,2025-03-31,전북특별자치도,장수군,산서면,1905,960,945,1905,957,948,0,-3,3
5274032000,2025-03-31,전북특별자치도,장수군,번암면,2164,1106,1058,2157,1100,1057,-7,-6,-1
5274033500,2025-03-31,전북특별자치도,장수군,장계면,4101,2073,2028,4087,2067,2020,-14,-6,-8
5274034000,2025-03-31,전북특별자치도,장수군,천천면,1992,977,1015,1990,976,1014,-2,-1,-1
5274035000,2025-03-31,전북특별자치도,장수군,계남면,2049,1031,1018,2044,1029,1015,-5,-2,-3
5274036000,2025-03-31,전북특별자치도,장수군,계북면,1454,750,704,1458,755,703,4,5,-1
5275025000,2025-03-31,전북특별자치도,임실군,임실읍,7146,3628,3518,7138,3628,3510,-8,0,-8
5275031000,2025-03-31,전북특별자치도,임실군,청웅면,1198,604,594,1193,599,594,-5,-5,0
5275032000,2025-03-31,전북특별자치도,임실군,운암면,1539,802,737,1533,799,734,-6,-3,-3
5275033000,2025-03-31,전북특별자치도,임실군,신평면,1371,725,646,1380,726,654,9,1,8
5275034000,2025-03-31,전북특별자치도,임실군,성수면,1542,827,715,1545,830,715,3,3,0
5275035500,2025-03-31,전북특별자치도,임실군,오수면,3349,1715,1634,3352,1715,1637,3,0,3
5275036000,2025-03-31,전북특별자치도,임실군,신덕면,1256,653,603,1245,648,597,-11,-5,-6
5275037000,2025-03-31,전북특별자치도,임실군,삼계면,1416,749,667,1418,754,664,2,5,-3
5275038000,2025-03-31,전북특별자치도,임실군,관촌면,3058,1593,1465,3055,1599,1456,-3,6,-9
5275039000,2025-03-31,전북특별자치도,임실군,강진면,1384,729,655,1387,733,654,3,4,-1
5275040000,2025-03-31,전북특별자치도,임실군,덕치면,1111,582,529,1118,586,532,7,4,3
5275041000,2025-03-31,전북특별자치도,임실군,지사면,1169,590,579,1167,588,579,-2,-2,0
5277025000,2025-03-31,전북특별자치도,순창군,순창읍,10380,5048,5332,10382,5048,5334,2,0,2
5277031000,2025-03-31,전북특별자치도,순창군,인계면,1469,720,749,1461,718,743,-8,-2,-6
5277032000,2025-03-31,전북특별자치도,순창군,동계면,1920,939,981,1913,935,978,-7,-4,-3
5277033000,2025-03-31,전북특별자치도,순창군,풍산면,1587,795,792,1581,794,787,-6,-1,-5
5277034000,2025-03-31,전북특별자치도,순창군,금과면,1730,886,844,1728,885,843,-2,-1,-1
5277035000,2025-03-31,전북특별자치도,순창군,팔덕면,1394,709,685,1385,705,680,-9,-4,-5
5277036000,2025-03-31,전북특별자치도,순창군,쌍치면,1874,947,927,1871,945,926,-3,-2,-1
5277037000,2025-03-31,전북특별자치도,순창군,복흥면,2048,990,1058,2045,987,1058,-3,-3,0
5277038000,2025-03-31,전북특별자치도,순창군,적성면,1243,606,637,1245,605,640,2,-1,3
5277039000,2025-03-31,전북특별자치도,순창군,유등면,982,490,492,984,491,493,2,1,1
5277040000,2025-03-31,전북특별자치도,순창군,구림면,2204,1086,1118,2204,1083,1121,0,-3,3
5279025000,2025-03-31,전북특별자치도,고창군,고창읍,20344,9996,10348,20470,10098,10372,126,102,24
5279031000,2025-03-31,전북특별자치도,고창군,고수면,2263,1157,1106,2260,1157,1103,-3,0,-3
5279032000,2025-03-31,전북특별자치도,고창군,아산면,2440,1259,1181,2430,1249,1181,-10,-10,0
5279033000,2025-03-31,전북특별자치도,고창군,무장면,2667,1363,1304,2662,1355,1307,-5,-8,3
5279034000,2025-03-31,전북특별자치도,고창군,공음면,2274,1130,1144,2284,1133,1151,10,3,7
5279035000,2025-03-31,전북특별자치도,고창군,상하면,2196,1101,1095,2193,1099,1094,-3,-2,-1
5279036000,2025-03-31,전북특별자치도,고창군,해리면,2474,1236,1238,2475,1239,1236,1,3,-2
5279037000,2025-03-31,전북특별자치도,고창군,성송면,1645,844,801,1651,850,801,6,6,0
5279038000,2025-03-31,전북특별자치도,고창군,대산면,2886,1418,1468,2877,1409,1468,-9,-9,0
5279039000,2025-03-31,전북특별자치도,고창군,심원면,2285,1152,1133,2280,1152,1128,-5,0,-5
5279040000,2025-03-31,전북특별자치도,고창군,흥덕면,2872,1412,1460,2921,1454,1467,49,42,7
5279041000,2025-03-31,전북특별자치도,고창군,성내면,1807,962,845,1803,960,843,-4,-2,-2
5279042000,2025-03-31,전북특별자치도,고창군,신림면,2031,1022,1009,2033,1028,1005,2,6,-4
5279043000,2025-03-31,전북특별자치도,고창군,부안면,2604,1305,1299,2512,1256,1256,-92,-49,-43
5280025000,2025-03-31,전북특별자치도,부안군,부안읍,20045,9758,10287,20010,9753,10257,-35,-5,-30
5280031000,2025-03-31,전북특별자치도,부안군,주산면,1715,862,853,1713,865,848,-2,3,-5
5280032000,2025-03-31,전북특별자치도,부안군,동진면,2510,1295,1215,2497,1291,1206,-13,-4,-9
5280033000,2025-03-31,전북특별자치도,부안군,행안면,2047,1063,984,2052,1073,979,5,10,-5
5280034000,2025-03-31,전북특별자치도,부안군,계화면,2921,1469,1452,2919,1465,1454,-2,-4,2
5280035000,2025-03-31,전북특별자치도,부안군,보안면,2199,1109,1090,2193,1104,1089,-6,-5,-1
5280036000,2025-03-31,전북특별자치도,부안군,변산면,4077,2111,1966,4090,2114,1976,13,3,10
5280037000,2025-03-31,전북특별자치도,부안군,진서면,2147,1097,1050,2144,1095,1049,-3,-2,-1
5280038000,2025-03-31,전북특별자치도,부안군,백산면,2319,1162,1157,2313,1156,1157,-6,-6,0
5280039000,2025-03-31,전북특별자치도,부안군,상서면,2032,1013,1019,2021,1006,1015,-11,-7,-4
5280040000,2025-03-31,전북특별자치도,부안군,하서면,2364,1180,1184,2353,1177,1176,-11,-3,-8
5280041000,2025-03-31,전북특별자치도,부안군,줄포면,2409,1203,1206,2407,1201,1206,-2,-2,0
5280042000,2025-03-31,전북특별자치도,부안군,위도면,1075,593,482,1078,594,484,3,1,2
